code;name;location;reference product;categories;classifications;ex_name;ex_amount;ex_unit;ex_product;ex_production volume;ex_type;ex_location;database
000e762ce7214c1f5d4ecbbfea6298c3;market for waste polystyrene;BA;waste polystyrene;;[('ISIC rev.4 ecoinvent', '3821:Treatment and disposal of non-hazardous waste'), ('CPC', '39270: Waste, parings and scrap of plastics')];treatment of waste polystyrene, open burning;-0.0871242405735605;kilogram;waste polystyrene;0.0;technosphere;GLO;ecoinvent_cutoff_3.9_remind_SSP2-PkBudg500_2090
003818e0501c5557c847438f0b14f9fc;market for waste polystyrene;MK;waste polystyrene;;[('ISIC rev.4 ecoinvent', '3821:Treatment and disposal of non-hazardous waste'), ('CPC', '39270: Waste, parings and scrap of plastics')];treatment of waste polystyrene, open burning;-0.0860011568767784;kilogram;waste polystyrene;0.0;technosphere;GLO;ecoinvent_cutoff_3.9_remind_SSP2-PkBudg500_2090
0077235954f5083c38b7707925d35787;market for waste graphical paper;MK;waste graphical paper;;[('ISIC rev.4 ecoinvent', '3821:Treatment and disposal of non-hazardous waste'), ('CPC', '39990: Other wastes n.e.c.')];treatment of waste graphical paper, open burning;-0.0860011568767784;kilogram;waste graphical paper;0.0;technosphere;GLO;ecoinvent_cutoff_3.9_remind_SSP2-PkBudg500_2090
011eb1b42afe5d125f045715cb06f58c;market for waste paperboard;SE;waste paperboard;;[('ISIC rev.4 ecoinvent', '3821:Treatment and disposal of non-hazardous waste'), ('CPC', '39240: Waste and scrap of paper or paperboard')];treatment of waste paperboard, open burning;-0.000111927049697239;kilogram;waste paperboard;0.0;technosphere;GLO;ecoinvent_cutoff_3.9_remind_SSP2-PkBudg500_2090
0150eac3e85d7be0248898e3b85ef3fa;market for municipal solid waste;RoW;municipal solid waste;;[('ISIC rev.4 ecoinvent', '3821:Treatment and disposal of non-hazardous waste'), ('EcoSpold01Categories', 'waste management/municipal incineration'), ('CPC', '39910: Municipal waste')];treatment of municipal solid waste, open burning;-0.143757842420425;kilogram;municipal solid waste;0.0;technosphere;GLO;ecoinvent_cutoff_3.9_remind_SSP2-PkBudg500_2090
017201f7a355589403b3611c1147877e;market for waste polypropylene;MT;waste polypropylene;;[('ISIC rev.4 ecoinvent', '3821:Treatment and disposal of non-hazardous waste'), ('CPC', '39270: Waste, parings and scrap of plastics')];treatment of waste polypropylene, open burning;-0.0150317896138671;kilogram;waste polypropylene;0.0;technosphere;GLO;ecoinvent_cutoff_3.9_remind_SSP2-PkBudg500_2090
01a7c4aefaa620ddccb037f21c3971ae;market for municipal solid waste;IS;municipal solid waste;;[('ISIC rev.4 ecoinvent', '3821:Treatment and disposal of non-hazardous waste'), ('CPC', '39910: Municipal waste')];treatment of municipal solid waste, open burning;-0.00917396;kilogram;municipal solid waste;0.0;technosphere;GLO;ecoinvent_cutoff_3.9_remind_SSP2-PkBudg500_2090
01c1b39398e91e91579033dde595758a;market for waste polystyrene;RS;waste polystyrene;;[('ISIC rev.4 ecoinvent', '3821:Treatment and disposal of non-hazardous waste'), ('CPC', '39270: Waste, parings and scrap of plastics')];treatment of waste polystyrene, open burning;-0.0897695128049834;kilogram;waste polystyrene;0.0;technosphere;GLO;ecoinvent_cutoff_3.9_remind_SSP2-PkBudg500_2090
01d6fa69dcf495126dfd34215793719b;market for waste paperboard;MT;waste paperboard;;[('ISIC rev.4 ecoinvent', '3821:Treatment and disposal of non-hazardous waste'), ('CPC', '39240: Waste and scrap of paper or paperboard')];treatment of waste paperboard, open burning;-0.0150317896138671;kilogram;waste paperboard;0.0;technosphere;GLO;ecoinvent_cutoff_3.9_remind_SSP2-PkBudg500_2090
01d8dff5311c186391cb5e2fa1cc8ea5;market for waste polyurethane;HU;waste polyurethane;;[('ISIC rev.4 ecoinvent', '3821:Treatment and disposal of non-hazardous waste'), ('CPC', '39270: Waste, parings and scrap of plastics')];treatment of waste polyurethane, open burning;-0.0216911062443454;kilogram;waste polyurethane;0.0;technosphere;GLO;ecoinvent_cutoff_3.9_remind_SSP2-PkBudg500_2090
01e9c4ab2b58bde8225e40380004fbba;market for municipal solid waste;FR;municipal solid waste;;[('ISIC rev.4 ecoinvent', '3821:Treatment and disposal of non-hazardous waste'), ('CPC', '39910: Municipal waste')];treatment of municipal solid waste, open burning;-0.00417187;kilogram;municipal solid waste;0.0;technosphere;GLO;ecoinvent_cutoff_3.9_remind_SSP2-PkBudg500_2090
030e9a8b85d02cd8567e959346b8392a;market for waste polystyrene;PE;waste polystyrene;;[('ISIC rev.4 ecoinvent', '3821:Treatment and disposal of non-hazardous waste'), ('CPC', '39270: Waste, parings and scrap of plastics')];treatment of waste polystyrene, open burning;-0.0624725160068898;kilogram;waste polystyrene;0.0;technosphere;GLO;ecoinvent_cutoff_3.9_remind_SSP2-PkBudg500_2090
034e92155b937106679336bdeff466c1;market for waste wood, untreated;LT;waste wood, untreated;;[('ISIC rev.4 ecoinvent', '3821:Treatment and disposal of non-hazardous waste'), ('CPC', '3928: Sawdust and wood waste and scrap')];treatment of waste wood, untreated, open burning;-0.0203629272318968;kilogram;waste wood, untreated;0.0;technosphere;GLO;ecoinvent_cutoff_3.9_remind_SSP2-PkBudg500_2090
0515b27bc2b759a3a98bf3f1422725a8;market for waste polypropylene;PT;waste polypropylene;;[('ISIC rev.4 ecoinvent', '3821:Treatment and disposal of non-hazardous waste'), ('CPC', '39270: Waste, parings and scrap of plastics')];treatment of waste polypropylene, open burning;-0.0107372908969953;kilogram;waste polypropylene;0.0;technosphere;GLO;ecoinvent_cutoff_3.9_remind_SSP2-PkBudg500_2090
055ca6bf369cf042c0aed803545b32a7;market for waste polypropylene;GB;waste polypropylene;;[('ISIC rev.4 ecoinvent', '3821:Treatment and disposal of non-hazardous waste'), ('CPC', '39270: Waste, parings and scrap of plastics')];treatment of waste polypropylene, open burning;-0.00369092313422926;kilogram;waste polypropylene;0.0;technosphere;GLO;ecoinvent_cutoff_3.9_remind_SSP2-PkBudg500_2090
06441df611c9bbe2f90d4ceca620c455;market for waste graphical paper;RS;waste graphical paper;;[('ISIC rev.4 ecoinvent', '3821:Treatment and disposal of non-hazardous waste'), ('CPC', '39990: Other wastes n.e.c.')];treatment of waste graphical paper, open burning;-0.0897695128049834;kilogram;waste graphical paper;0.0;technosphere;GLO;ecoinvent_cutoff_3.9_remind_SSP2-PkBudg500_2090
06cb650929a2ae14d374452f9b330aea;market for waste polyethylene terephthalate;NL;waste polyethylene terephthalate;;[('ISIC rev.4 ecoinvent', '3821:Treatment and disposal of non-hazardous waste'), ('CPC', '39270: Waste, parings and scrap of plastics')];treatment of waste polyethylene terephthalate, open burning;-0.000301606625741877;kilogram;waste polyethylene terephthalate;0.0;technosphere;GLO;ecoinvent_cutoff_3.9_remind_SSP2-PkBudg500_2090
078f7975122640885c6c7767c93eb5f5;market for waste polyvinylchloride;MK;waste polyvinylchloride;;[('ISIC rev.4 ecoinvent', '3821:Treatment and disposal of non-hazardous waste'), ('CPC', '39270: Waste, parings and scrap of plastics')];treatment of waste polyvinylchloride, open burning;-0.0860011568767784;kilogram;waste polyvinylchloride;0.0;technosphere;GLO;ecoinvent_cutoff_3.9_remind_SSP2-PkBudg500_2090
082595b54836e0ffa5ac75842d03d929;market for waste polyvinylchloride;DK;waste polyvinylchloride;;[('ISIC rev.4 ecoinvent', '3821:Treatment and disposal of non-hazardous waste'), ('CPC', '39270: Waste, parings and scrap of plastics')];treatment of waste polyvinylchloride, open burning;-0.00017434433461976;kilogram;waste polyvinylchloride;0.0;technosphere;GLO;ecoinvent_cutoff_3.9_remind_SSP2-PkBudg500_2090
082bfea046167a2feb0fc8e32a38af8f;market for waste wood, untreated;HR;waste wood, untreated;;[('ISIC rev.4 ecoinvent', '3821:Treatment and disposal of non-hazardous waste'), ('CPC', '3928: Sawdust and wood waste and scrap')];treatment of waste wood, untreated, open burning;-0.0205469906849226;kilogram;waste wood, untreated;0.0;technosphere;GLO;ecoinvent_cutoff_3.9_remind_SSP2-PkBudg500_2090
085cba297a2ca2e66c6bcddf547d556d;market for waste polyurethane;IN;waste polyurethane;;[('ISIC rev.4 ecoinvent', '3821:Treatment and disposal of non-hazardous waste'), ('CPC', '39270: Waste, parings and scrap of plastics')];treatment of waste polyurethane, open burning;-0.284307580310206;kilogram;waste polyurethane;0.0;technosphere;GLO;ecoinvent_cutoff_3.9_remind_SSP2-PkBudg500_2090
08b05052887d18c465c33c2837e4be91;market for waste polyurethane;BA;waste polyurethane;;[('ISIC rev.4 ecoinvent', '3821:Treatment and disposal of non-hazardous waste'), ('CPC', '39270: Waste, parings and scrap of plastics')];treatment of waste polyurethane, open burning;-0.0871242405735605;kilogram;waste polyurethane;0.0;technosphere;GLO;ecoinvent_cutoff_3.9_remind_SSP2-PkBudg500_2090
0972801f82d18f57fa57ff4f5188160f;market for waste polyurethane;GR;waste polyurethane;;[('ISIC rev.4 ecoinvent', '3821:Treatment and disposal of non-hazardous waste'), ('CPC', '39270: Waste, parings and scrap of plastics')];treatment of waste polyurethane, open burning;-0.015265724881001;kilogram;waste polyurethane;0.0;technosphere;GLO;ecoinvent_cutoff_3.9_remind_SSP2-PkBudg500_2090
09d98e4912f65229c2e84339c761a626;market for waste paperboard;CH;waste paperboard;;[('ISIC rev.4 ecoinvent', '3821:Treatment and disposal of non-hazardous waste'), ('CPC', '39240: Waste and scrap of paper or paperboard')];treatment of waste paperboard, open burning;-0.000526841223095166;kilogram;waste paperboard;0.0;technosphere;GLO;ecoinvent_cutoff_3.9_remind_SSP2-PkBudg500_2090
0a33cb50c0f439d4d27494700253b242;market for waste polyurethane;PL;waste polyurethane;;[('ISIC rev.4 ecoinvent', '3821:Treatment and disposal of non-hazardous waste'), ('CPC', '39270: Waste, parings and scrap of plastics')];treatment of waste polyurethane, open burning;-0.0409099500836998;kilogram;waste polyurethane;0.0;technosphere;GLO;ecoinvent_cutoff_3.9_remind_SSP2-PkBudg500_2090
0b4423d634e2f261ebc654182a47bbfe;market for waste polyethylene;LU;waste polyethylene;;[('ISIC rev.4 ecoinvent', '3821:Treatment and disposal of non-hazardous waste'), ('CPC', '39270: Waste, parings and scrap of plastics')];treatment of waste polyethylene, open burning;-0.00260975115734594;kilogram;waste polyethylene;0.0;technosphere;GLO;ecoinvent_cutoff_3.9_remind_SSP2-PkBudg500_2090
0ba77d3a36a32c3458a003e92988a432;market for waste wood, untreated;IN;waste wood, untreated;;[('ISIC rev.4 ecoinvent', '3821:Treatment and disposal of non-hazardous waste'), ('CPC', '3928: Sawdust and wood waste and scrap')];treatment of waste wood, untreated, open burning;-0.284307580310206;kilogram;waste wood, untreated;0.0;technosphere;GLO;ecoinvent_cutoff_3.9_remind_SSP2-PkBudg500_2090
0cc0a469c88982e1ee500e6c71c6d22c;market for waste graphical paper;LU;waste graphical paper;;[('ISIC rev.4 ecoinvent', '3821:Treatment and disposal of non-hazardous waste'), ('CPC', '39990: Other wastes n.e.c.')];treatment of waste graphical paper, open burning;-0.00260975115734594;kilogram;waste graphical paper;0.0;technosphere;GLO;ecoinvent_cutoff_3.9_remind_SSP2-PkBudg500_2090
0cc8e6bd3f8156652e891e6041db2e42;market for municipal solid waste;PL;municipal solid waste;;[('ISIC rev.4 ecoinvent', '3821:Treatment and disposal of non-hazardous waste'), ('CPC', '39910: Municipal waste')];treatment of municipal solid waste, open burning;-0.04091;kilogram;municipal solid waste;0.0;technosphere;GLO;ecoinvent_cutoff_3.9_remind_SSP2-PkBudg500_2090
0cfd14ce463e8ddd7dcad8efbd9564a8;market for waste polyurethane;PT;waste polyurethane;;[('ISIC rev.4 ecoinvent', '3821:Treatment and disposal of non-hazardous waste'), ('CPC', '39270: Waste, parings and scrap of plastics')];treatment of waste polyurethane, open burning;-0.0107372908969953;kilogram;waste polyurethane;0.0;technosphere;GLO;ecoinvent_cutoff_3.9_remind_SSP2-PkBudg500_2090
0d0a9e48f1c4030a758e7f32ae3a9b4a;market for waste polyurethane;AT;waste polyurethane;;[('ISIC rev.4 ecoinvent', '3821:Treatment and disposal of non-hazardous waste'), ('CPC', '39270: Waste, parings and scrap of plastics')];treatment of waste polyurethane, open burning;-0.000668777328610643;kilogram;waste polyurethane;0.0;technosphere;GLO;ecoinvent_cutoff_3.9_remind_SSP2-PkBudg500_2090
0d4fd80bf661539e34b2473da19622c4;market for waste polyvinylchloride;CO;waste polyvinylchloride;;[('ISIC rev.4 ecoinvent', '3821:Treatment and disposal of non-hazardous waste'), ('CPC', '39270: Waste, parings and scrap of plastics')];treatment of waste polyvinylchloride, open burning;-0.0487658869735807;kilogram;waste polyvinylchloride;0.0;technosphere;GLO;ecoinvent_cutoff_3.9_remind_SSP2-PkBudg500_2090
0d759a754439881bf0f5e934078dcedf;treatment of waste, pneumatic tyres, open burning;GH;waste, pneumatic tyres;;[('ISIC rev.4 ecoinvent', '3821:Treatment and disposal of non-hazardous waste'), ('CPC', '39260: Used pneumatic tyres of rubber')];treatment of waste, pneumatic tyres, open burning;-1.0;kilogram;waste, pneumatic tyres;39178500.0;production;GH;ecoinvent_cutoff_3.9_remind_SSP2-PkBudg500_2090
0d7b883424b15243f103ce8651a6dd53;market for waste wood, untreated;BG;waste wood, untreated;;[('ISIC rev.4 ecoinvent', '3821:Treatment and disposal of non-hazardous waste'), ('CPC', '3928: Sawdust and wood waste and scrap')];treatment of waste wood, untreated, open burning;-0.0275938418728608;kilogram;waste wood, untreated;0.0;technosphere;GLO;ecoinvent_cutoff_3.9_remind_SSP2-PkBudg500_2090
0df5349be94959344c9c3b8262036b17;market for waste graphical paper;BE;waste graphical paper;;[('ISIC rev.4 ecoinvent', '3821:Treatment and disposal of non-hazardous waste'), ('CPC', '39990: Other wastes n.e.c.')];treatment of waste graphical paper, open burning;-0.000182090137116258;kilogram;waste graphical paper;0.0;technosphere;GLO;ecoinvent_cutoff_3.9_remind_SSP2-PkBudg500_2090
0dfe30f85b668b4edd26577f954709be;market for waste polyethylene terephthalate;ES;waste polyethylene terephthalate;;[('ISIC rev.4 ecoinvent', '3821:Treatment and disposal of non-hazardous waste'), ('CPC', '39270: Waste, parings and scrap of plastics')];treatment of waste polyethylene terephthalate, open burning;-0.0104397907139771;kilogram;waste polyethylene terephthalate;0.0;technosphere;GLO;ecoinvent_cutoff_3.9_remind_SSP2-PkBudg500_2090
0e6c4f40ba1a3eb8f9e43ef4da91e3a0;market for waste plastic, mixture;SK;waste plastic, mixture;;[('ISIC rev.4 ecoinvent', '3821:Treatment and disposal of non-hazardous waste'), ('CPC', '39270: Waste, parings and scrap of plastics')];treatment of waste plastic, mixture, open burning;-0.0143533996706812;kilogram;waste plastic, mixture;0.0;technosphere;GLO;ecoinvent_cutoff_3.9_remind_SSP2-PkBudg500_2090
0fd5bb882f484c75766d7cbd9bfa4c2e;market for waste polyvinylchloride;SI;waste polyvinylchloride;;[('ISIC rev.4 ecoinvent', '3821:Treatment and disposal of non-hazardous waste'), ('CPC', '39270: Waste, parings and scrap of plastics')];treatment of waste polyvinylchloride, open burning;-0.00966043946660359;kilogram;waste polyvinylchloride;0.0;technosphere;GLO;ecoinvent_cutoff_3.9_remind_SSP2-PkBudg500_2090
106ab80c05480a88a8e1fdbd7c465299;market for waste polyvinylchloride;RoW;waste polyvinylchloride;;[('ISIC rev.4 ecoinvent', '3821:Treatment and disposal of non-hazardous waste'), ('EcoSpold01Categories', 'waste management/municipal incineration'), ('CPC', '39270: Waste, parings and scrap of plastics')];treatment of waste polyvinylchloride, open burning;-0.0974434868744582;kilogram;waste polyvinylchloride;0.0;technosphere;GLO;ecoinvent_cutoff_3.9_remind_SSP2-PkBudg500_2090
121fb09304a9cdc74d9e4423478a149d;market for waste wood, untreated;ZA;waste wood, untreated;;[('ISIC rev.4 ecoinvent', '3821:Treatment and disposal of non-hazardous waste'), ('CPC', '3928: Sawdust and wood waste and scrap')];treatment of waste wood, untreated, open burning;-0.0334239090407301;kilogram;waste wood, untreated;0.0;technosphere;GLO;ecoinvent_cutoff_3.9_remind_SSP2-PkBudg500_2090
122cccf7d409c6d68db1fd8a72d63de3;market for waste polyethylene terephthalate;RO;waste polyethylene terephthalate;;[('ISIC rev.4 ecoinvent', '3821:Treatment and disposal of non-hazardous waste'), ('CPC', '39270: Waste, parings and scrap of plastics')];treatment of waste polyethylene terephthalate, open burning;-0.113764292129076;kilogram;waste polyethylene terephthalate;0.0;technosphere;GLO;ecoinvent_cutoff_3.9_remind_SSP2-PkBudg500_2090
1274575613df466472c9d3f0ec14d357;market for waste polyethylene terephthalate;AL;waste polyethylene terephthalate;;[('ISIC rev.4 ecoinvent', '3821:Treatment and disposal of non-hazardous waste'), ('CPC', '39270: Waste, parings and scrap of plastics')];treatment of waste polyethylene terephthalate, open burning;-0.0589997881455436;kilogram;waste polyethylene terephthalate;0.0;technosphere;GLO;ecoinvent_cutoff_3.9_remind_SSP2-PkBudg500_2090
1322af3f70b8f04efdf1123c5639cb27;market for waste glass;PE;waste glass;;"[('ISIC rev.4 ecoinvent', '3821:Treatment and disposal of non-hazardous waste'), ('CPC', '37111: Glass in the mass, in balls (except microspheres), rods or tubes, unworked; waste and scrap of glass')]";treatment of waste glass, open burning;-0.0624725160068898;kilogram;waste glass;0.0;technosphere;GLO;ecoinvent_cutoff_3.9_remind_SSP2-PkBudg500_2090
13716d42cd11818c78cbd1021f4461c2;market for waste polystyrene;BR;waste polystyrene;;[('ISIC rev.4 ecoinvent', '3821:Treatment and disposal of non-hazardous waste'), ('CPC', '39270: Waste, parings and scrap of plastics')];treatment of waste polystyrene, open burning;-0.0291927726473145;kilogram;waste polystyrene;0.0;technosphere;GLO;ecoinvent_cutoff_3.9_remind_SSP2-PkBudg500_2090
145f61a5ec02732ccae3213f000cd97d;market for waste graphical paper;FI;waste graphical paper;;[('ISIC rev.4 ecoinvent', '3821:Treatment and disposal of non-hazardous waste'), ('CPC', '39990: Other wastes n.e.c.')];treatment of waste graphical paper, open burning;-0.000565773149803462;kilogram;waste graphical paper;0.0;technosphere;GLO;ecoinvent_cutoff_3.9_remind_SSP2-PkBudg500_2090
1573db0af13fced59d56587f69caf63c;treatment of waste glass, open burning;GLO;waste glass;;"[('ISIC rev.4 ecoinvent', '3821:Treatment and disposal of non-hazardous waste'), ('CPC', '37111: Glass in the mass, in balls (except microspheres), rods or tubes, unworked; waste and scrap of glass')]";treatment of waste glass, open burning;-1.0;kilogram;waste glass;1.0;production;GLO;ecoinvent_cutoff_3.9_remind_SSP2-PkBudg500_2090
1597acefd7efa95158e08fec8ac7fd0a;market for waste polyurethane;XK;waste polyurethane;;[('ISIC rev.4 ecoinvent', '3821:Treatment and disposal of non-hazardous waste'), ('CPC', '39270: Waste, parings and scrap of plastics')];treatment of waste polyurethane, open burning;-0.19020481996282;kilogram;waste polyurethane;0.0;technosphere;GLO;ecoinvent_cutoff_3.9_remind_SSP2-PkBudg500_2090
15b9f251af06642586d28a09d07bf93a;market for waste polyurethane;ZA;waste polyurethane;;[('ISIC rev.4 ecoinvent', '3821:Treatment and disposal of non-hazardous waste'), ('CPC', '39270: Waste, parings and scrap of plastics')];treatment of waste polyurethane, open burning;-0.0334239090407301;kilogram;waste polyurethane;0.0;technosphere;GLO;ecoinvent_cutoff_3.9_remind_SSP2-PkBudg500_2090
17616e54f608776000f74ea375ea6179;market for waste polystyrene;LT;waste polystyrene;;[('ISIC rev.4 ecoinvent', '3821:Treatment and disposal of non-hazardous waste'), ('CPC', '39270: Waste, parings and scrap of plastics')];treatment of waste polystyrene, open burning;-0.0203629272318968;kilogram;waste polystyrene;0.0;technosphere;GLO;ecoinvent_cutoff_3.9_remind_SSP2-PkBudg500_2090
18277df8a10170108ac21b60acb13c16;market for waste polyethylene terephthalate;SI;waste polyethylene terephthalate;;[('ISIC rev.4 ecoinvent', '3821:Treatment and disposal of non-hazardous waste'), ('CPC', '39270: Waste, parings and scrap of plastics')];treatment of waste polyethylene terephthalate, open burning;-0.00966043946660359;kilogram;waste polyethylene terephthalate;0.0;technosphere;GLO;ecoinvent_cutoff_3.9_remind_SSP2-PkBudg500_2090
18b118779bdce40d8ac5bd6b9fd557e9;treatment of waste bamboo residues, open burning;GLO;waste bamboo residues;;[('ISIC rev.4 ecoinvent', '3821:Treatment and disposal of non-hazardous waste'), ('CPC', '3928: Sawdust and wood waste and scrap')];treatment of waste bamboo residues, open burning;-1.0;kilogram;waste bamboo residues;48143928.65;production;GLO;ecoinvent_cutoff_3.9_remind_SSP2-PkBudg500_2090
1916ac21cc5b4d4fb376424bff489433;market for waste polyethylene terephthalate;GB;waste polyethylene terephthalate;;[('ISIC rev.4 ecoinvent', '3821:Treatment and disposal of non-hazardous waste'), ('CPC', '39270: Waste, parings and scrap of plastics')];treatment of waste polyethylene terephthalate, open burning;-0.00369092313422926;kilogram;waste polyethylene terephthalate;0.0;technosphere;GLO;ecoinvent_cutoff_3.9_remind_SSP2-PkBudg500_2090
19a32d79b6358b2718cdbd4cb85fc2fc;market for waste graphical paper;XK;waste graphical paper;;[('ISIC rev.4 ecoinvent', '3821:Treatment and disposal of non-hazardous waste'), ('CPC', '39990: Other wastes n.e.c.')];treatment of waste graphical paper, open burning;-0.19020481996282;kilogram;waste graphical paper;0.0;technosphere;GLO;ecoinvent_cutoff_3.9_remind_SSP2-PkBudg500_2090
1a6b34f15c89099512f64d6f7c9b58cc;market for waste wood, untreated;XK;waste wood, untreated;;[('ISIC rev.4 ecoinvent', '3821:Treatment and disposal of non-hazardous waste'), ('CPC', '3928: Sawdust and wood waste and scrap')];treatment of waste wood, untreated, open burning;-0.19020481996282;kilogram;waste wood, untreated;0.0;technosphere;GLO;ecoinvent_cutoff_3.9_remind_SSP2-PkBudg500_2090
1ac622f20649fe6819dcaba216be8f57;market for waste plastic, mixture;IT;waste plastic, mixture;;[('ISIC rev.4 ecoinvent', '3821:Treatment and disposal of non-hazardous waste'), ('CPC', '39270: Waste, parings and scrap of plastics')];treatment of waste plastic, mixture, open burning;-0.00674378845855387;kilogram;waste plastic, mixture;0.0;technosphere;GLO;ecoinvent_cutoff_3.9_remind_SSP2-PkBudg500_2090
1b39276f9510672127cd6ed8c1b8f5ea;market for waste polyethylene;BG;waste polyethylene;;[('ISIC rev.4 ecoinvent', '3821:Treatment and disposal of non-hazardous waste'), ('CPC', '39270: Waste, parings and scrap of plastics')];treatment of waste polyethylene, open burning;-0.0275938418728608;kilogram;waste polyethylene;0.0;technosphere;GLO;ecoinvent_cutoff_3.9_remind_SSP2-PkBudg500_2090
1b99043b0c2be0cf17dd02b47815fd09;market for waste polyethylene terephthalate;ME;waste polyethylene terephthalate;;[('ISIC rev.4 ecoinvent', '3821:Treatment and disposal of non-hazardous waste'), ('CPC', '39270: Waste, parings and scrap of plastics')];treatment of waste polyethylene terephthalate, open burning;-0.0634286239725263;kilogram;waste polyethylene terephthalate;0.0;technosphere;GLO;ecoinvent_cutoff_3.9_remind_SSP2-PkBudg500_2090
1bd5d9352f2818d67353f63742b3c391;market for waste wood, untreated;BR;waste wood, untreated;;[('ISIC rev.4 ecoinvent', '3821:Treatment and disposal of non-hazardous waste'), ('CPC', '3928: Sawdust and wood waste and scrap')];treatment of waste wood, untreated, open burning;-0.0291927726473145;kilogram;waste wood, untreated;0.0;technosphere;GLO;ecoinvent_cutoff_3.9_remind_SSP2-PkBudg500_2090
1d689c59909d60eb116bfe5dd008df2a;market for waste polyvinylchloride;FR;waste polyvinylchloride;;[('ISIC rev.4 ecoinvent', '3821:Treatment and disposal of non-hazardous waste'), ('CPC', '39270: Waste, parings and scrap of plastics')];treatment of waste polyvinylchloride, open burning;-0.00417186912852553;kilogram;waste polyvinylchloride;0.0;technosphere;GLO;ecoinvent_cutoff_3.9_remind_SSP2-PkBudg500_2090
1d69a39e3a571fcf33479d0a35cf6f7d;treatment of waste, electrical and electronic cables, open burning;RoW;waste, electrical and electronic cables;;[('ISIC rev.4 ecoinvent', '3821:Treatment and disposal of non-hazardous waste'), ('CPC', '39361: Waste and scrap of copper')];treatment of waste, electrical and electronic cables, open burning;-1.0;kilogram;waste, electrical and electronic cables;5616000.0;production;RoW;ecoinvent_cutoff_3.9_remind_SSP2-PkBudg500_2090
1db5ff4afb4c35e76816655a4bf0cc3e;market for waste polypropylene;MK;waste polypropylene;;[('ISIC rev.4 ecoinvent', '3821:Treatment and disposal of non-hazardous waste'), ('CPC', '39270: Waste, parings and scrap of plastics')];treatment of waste polypropylene, open burning;-0.0860011568767784;kilogram;waste polypropylene;0.0;technosphere;GLO;ecoinvent_cutoff_3.9_remind_SSP2-PkBudg500_2090
1dc4d1ac920ea7a1206a9ec46e7acb29;treatment of waste graphical paper, open burning;GLO;waste graphical paper;;[('ISIC rev.4 ecoinvent', '3821:Treatment and disposal of non-hazardous waste'), ('CPC', '39990: Other wastes n.e.c.')];treatment of waste graphical paper, open burning;-1.0;kilogram;waste graphical paper;1.0;production;GLO;ecoinvent_cutoff_3.9_remind_SSP2-PkBudg500_2090
1e453cc1df2fbe8756e752b7cf381fb6;market for waste polypropylene;BG;waste polypropylene;;[('ISIC rev.4 ecoinvent', '3821:Treatment and disposal of non-hazardous waste'), ('CPC', '39270: Waste, parings and scrap of plastics')];treatment of waste polypropylene, open burning;-0.0275938418728608;kilogram;waste polypropylene;0.0;technosphere;GLO;ecoinvent_cutoff_3.9_remind_SSP2-PkBudg500_2090
1e461b7ec7c89260a3d29a823e20290e;market for waste paperboard;CO;waste paperboard;;[('ISIC rev.4 ecoinvent', '3821:Treatment and disposal of non-hazardous waste'), ('CPC', '39240: Waste and scrap of paper or paperboard')];treatment of waste paperboard, open burning;-0.0487658869735807;kilogram;waste paperboard;0.0;technosphere;GLO;ecoinvent_cutoff_3.9_remind_SSP2-PkBudg500_2090
1f2b3d06258047ade59f10da09b05e5c;market for waste polypropylene;DE;waste polypropylene;;[('ISIC rev.4 ecoinvent', '3821:Treatment and disposal of non-hazardous waste'), ('CPC', '39270: Waste, parings and scrap of plastics')];treatment of waste polypropylene, open burning;-6.36128446588608e-05;kilogram;waste polypropylene;0.0;technosphere;GLO;ecoinvent_cutoff_3.9_remind_SSP2-PkBudg500_2090
1f93ec6b4d42e97e8ac3329c7d2c745d;market for waste plastic, mixture;PT;waste plastic, mixture;;[('ISIC rev.4 ecoinvent', '3821:Treatment and disposal of non-hazardous waste'), ('CPC', '39270: Waste, parings and scrap of plastics')];treatment of waste plastic, mixture, open burning;-0.0107372908969953;kilogram;waste plastic, mixture;0.0;technosphere;GLO;ecoinvent_cutoff_3.9_remind_SSP2-PkBudg500_2090
201c767f35a80358d07fbc1719860263;market for waste glass;CO;waste glass;;"[('ISIC rev.4 ecoinvent', '3821:Treatment and disposal of non-hazardous waste'), ('CPC', '37111: Glass in the mass, in balls (except microspheres), rods or tubes, unworked; waste and scrap of glass')]";treatment of waste glass, open burning;-0.0487658869735807;kilogram;waste glass;0.0;technosphere;GLO;ecoinvent_cutoff_3.9_remind_SSP2-PkBudg500_2090
20c87b94f29cdab88a29860dc8c0bf71;market for waste wood, untreated;NO;waste wood, untreated;;[('ISIC rev.4 ecoinvent', '3821:Treatment and disposal of non-hazardous waste'), ('CPC', '3928: Sawdust and wood waste and scrap')];treatment of waste wood, untreated, open burning;-0.000986035967648575;kilogram;waste wood, untreated;0.0;technosphere;GLO;ecoinvent_cutoff_3.9_remind_SSP2-PkBudg500_2090
21352a578d512fe096351399575f3131;market for waste graphical paper;IT;waste graphical paper;;[('ISIC rev.4 ecoinvent', '3821:Treatment and disposal of non-hazardous waste'), ('CPC', '39990: Other wastes n.e.c.')];treatment of waste graphical paper, open burning;-0.00674378845855387;kilogram;waste graphical paper;0.0;technosphere;GLO;ecoinvent_cutoff_3.9_remind_SSP2-PkBudg500_2090
21d1b6317524a239edaaeef21a911aef;market for waste polypropylene;SK;waste polypropylene;;[('ISIC rev.4 ecoinvent', '3821:Treatment and disposal of non-hazardous waste'), ('CPC', '39270: Waste, parings and scrap of plastics')];treatment of waste polypropylene, open burning;-0.0143533996706812;kilogram;waste polypropylene;0.0;technosphere;GLO;ecoinvent_cutoff_3.9_remind_SSP2-PkBudg500_2090
251a7c84c8776462562df9111eaa933b;market for waste polyurethane;PE;waste polyurethane;;[('ISIC rev.4 ecoinvent', '3821:Treatment and disposal of non-hazardous waste'), ('CPC', '39270: Waste, parings and scrap of plastics')];treatment of waste polyurethane, open burning;-0.0624725160068898;kilogram;waste polyurethane;0.0;technosphere;GLO;ecoinvent_cutoff_3.9_remind_SSP2-PkBudg500_2090
2588540fb21bf897f52dee9db9cd7717;market for waste graphical paper;SK;waste graphical paper;;[('ISIC rev.4 ecoinvent', '3821:Treatment and disposal of non-hazardous waste'), ('CPC', '39990: Other wastes n.e.c.')];treatment of waste graphical paper, open burning;-0.0143533996706812;kilogram;waste graphical paper;0.0;technosphere;GLO;ecoinvent_cutoff_3.9_remind_SSP2-PkBudg500_2090
26c85ec0bb1f66da263e15be21601026;market for waste plastic, mixture;BR;waste plastic, mixture;;[('ISIC rev.4 ecoinvent', '3821:Treatment and disposal of non-hazardous waste'), ('CPC', '39270: Waste, parings and scrap of plastics')];treatment of waste plastic, mixture, open burning;-0.0291927726473145;kilogram;waste plastic, mixture;0.0;technosphere;GLO;ecoinvent_cutoff_3.9_remind_SSP2-PkBudg500_2090
27dbf63f127cf569fc57f7cec8cad7ec;market for waste polyvinylchloride;CZ;waste polyvinylchloride;;[('ISIC rev.4 ecoinvent', '3821:Treatment and disposal of non-hazardous waste'), ('CPC', '39270: Waste, parings and scrap of plastics')];treatment of waste polyvinylchloride, open burning;-0.0122605420657861;kilogram;waste polyvinylchloride;0.0;technosphere;GLO;ecoinvent_cutoff_3.9_remind_SSP2-PkBudg500_2090
27f8570534cbb46112ebd1d4aaa84690;market for waste polyurethane;CY;waste polyurethane;;[('ISIC rev.4 ecoinvent', '3821:Treatment and disposal of non-hazardous waste'), ('CPC', '39270: Waste, parings and scrap of plastics')];treatment of waste polyurethane, open burning;-0.0135770927668737;kilogram;waste polyurethane;0.0;technosphere;GLO;ecoinvent_cutoff_3.9_remind_SSP2-PkBudg500_2090
2886ccc286976044b42ec5e286687241;market for waste wood, untreated;PL;waste wood, untreated;;[('ISIC rev.4 ecoinvent', '3821:Treatment and disposal of non-hazardous waste'), ('CPC', '3928: Sawdust and wood waste and scrap')];treatment of waste wood, untreated, open burning;-0.0409099500836998;kilogram;waste wood, untreated;0.0;technosphere;GLO;ecoinvent_cutoff_3.9_remind_SSP2-PkBudg500_2090
288819c18df326556838fa33fcfc1d69;market for waste polystyrene;IN;waste polystyrene;;[('ISIC rev.4 ecoinvent', '3821:Treatment and disposal of non-hazardous waste'), ('CPC', '39270: Waste, parings and scrap of plastics')];treatment of waste polystyrene, open burning;-0.284307580310206;kilogram;waste polystyrene;0.0;technosphere;GLO;ecoinvent_cutoff_3.9_remind_SSP2-PkBudg500_2090
28dc55e5ecbd8ab8f5a5ccfd9bfcb3ef;market for waste plastic, mixture;SE;waste plastic, mixture;;[('ISIC rev.4 ecoinvent', '3821:Treatment and disposal of non-hazardous waste'), ('CPC', '39270: Waste, parings and scrap of plastics')];treatment of waste plastic, mixture, open burning;-0.000111927049697239;kilogram;waste plastic, mixture;0.0;technosphere;GLO;ecoinvent_cutoff_3.9_remind_SSP2-PkBudg500_2090
293de2821234283ab666de362d41da17;market for municipal solid waste;NL;municipal solid waste;;[('ISIC rev.4 ecoinvent', '3821:Treatment and disposal of non-hazardous waste'), ('CPC', '39910: Municipal waste')];treatment of municipal solid waste, open burning;-0.000301607;kilogram;municipal solid waste;0.0;technosphere;GLO;ecoinvent_cutoff_3.9_remind_SSP2-PkBudg500_2090
2abf31111fd64a87cd5fbb24350a44e0;market for waste glass;NO;waste glass;;"[('ISIC rev.4 ecoinvent', '3821:Treatment and disposal of non-hazardous waste'), ('CPC', '37111: Glass in the mass, in balls (except microspheres), rods or tubes, unworked; waste and scrap of glass')]";treatment of waste glass, open burning;-0.000986035967648575;kilogram;waste glass;0.0;technosphere;GLO;ecoinvent_cutoff_3.9_remind_SSP2-PkBudg500_2090
2cb0f36a3b31871ee02a8517a1885830;treatment of waste polypropylene, open burning;GLO;waste polypropylene;;[('ISIC rev.4 ecoinvent', '3821:Treatment and disposal of non-hazardous waste'), ('CPC', '39270: Waste, parings and scrap of plastics')];treatment of waste polypropylene, open burning;-1.0;kilogram;waste polypropylene;1.0;production;GLO;ecoinvent_cutoff_3.9_remind_SSP2-PkBudg500_2090
2ce87f5b4c0c5fd3ba9bc82519d4cd2c;market for municipal solid waste;HU;municipal solid waste;;[('ISIC rev.4 ecoinvent', '3821:Treatment and disposal of non-hazardous waste'), ('CPC', '39910: Municipal waste')];treatment of municipal solid waste, open burning;-0.0216911;kilogram;municipal solid waste;0.0;technosphere;GLO;ecoinvent_cutoff_3.9_remind_SSP2-PkBudg500_2090
2d17f7d6eb85dcf9b280157296e38fdc;market for waste paperboard;RO;waste paperboard;;[('ISIC rev.4 ecoinvent', '3821:Treatment and disposal of non-hazardous waste'), ('CPC', '39240: Waste and scrap of paper or paperboard')];treatment of waste paperboard, open burning;-0.113764292129076;kilogram;waste paperboard;0.0;technosphere;GLO;ecoinvent_cutoff_3.9_remind_SSP2-PkBudg500_2090
2d77e132ac4f923d9b1dc4926cff16d8;market for waste polyurethane;ES;waste polyurethane;;[('ISIC rev.4 ecoinvent', '3821:Treatment and disposal of non-hazardous waste'), ('CPC', '39270: Waste, parings and scrap of plastics')];treatment of waste polyurethane, open burning;-0.0104397907139771;kilogram;waste polyurethane;0.0;technosphere;GLO;ecoinvent_cutoff_3.9_remind_SSP2-PkBudg500_2090
2e32c258c1bf561c03e67bd56511909e;market for waste polypropylene;EE;waste polypropylene;;[('ISIC rev.4 ecoinvent', '3821:Treatment and disposal of non-hazardous waste'), ('CPC', '39270: Waste, parings and scrap of plastics')];treatment of waste polypropylene, open burning;-0.0278904162073016;kilogram;waste polypropylene;0.0;technosphere;GLO;ecoinvent_cutoff_3.9_remind_SSP2-PkBudg500_2090
2eacfa92513812f71d9b16b753573a23;market for waste plastic, mixture;PL;waste plastic, mixture;;[('ISIC rev.4 ecoinvent', '3821:Treatment and disposal of non-hazardous waste'), ('CPC', '39270: Waste, parings and scrap of plastics')];treatment of waste plastic, mixture, open burning;-0.0409099500836998;kilogram;waste plastic, mixture;0.0;technosphere;GLO;ecoinvent_cutoff_3.9_remind_SSP2-PkBudg500_2090
2ecebbb32c6f35e8439a49780e3d8f12;market for waste glass;SI;waste glass;;"[('ISIC rev.4 ecoinvent', '3821:Treatment and disposal of non-hazardous waste'), ('CPC', '37111: Glass in the mass, in balls (except microspheres), rods or tubes, unworked; waste and scrap of glass')]";treatment of waste glass, open burning;-0.00966043946660359;kilogram;waste glass;0.0;technosphere;GLO;ecoinvent_cutoff_3.9_remind_SSP2-PkBudg500_2090
2eded53f087483408de7e67cc45faef0;market for waste polyethylene;RO;waste polyethylene;;[('ISIC rev.4 ecoinvent', '3821:Treatment and disposal of non-hazardous waste'), ('CPC', '39270: Waste, parings and scrap of plastics')];treatment of waste polyethylene, open burning;-0.113764292129076;kilogram;waste polyethylene;0.0;technosphere;GLO;ecoinvent_cutoff_3.9_remind_SSP2-PkBudg500_2090
2f3a909e02b65cec27ccc8fda342a29a;market for waste polyurethane;FI;waste polyurethane;;[('ISIC rev.4 ecoinvent', '3821:Treatment and disposal of non-hazardous waste'), ('CPC', '39270: Waste, parings and scrap of plastics')];treatment of waste polyurethane, open burning;-0.000565773149803462;kilogram;waste polyurethane;0.0;technosphere;GLO;ecoinvent_cutoff_3.9_remind_SSP2-PkBudg500_2090
2fe4f3ad00295e88d57e2a7fde89b9e8;market for waste paperboard;CZ;waste paperboard;;[('ISIC rev.4 ecoinvent', '3821:Treatment and disposal of non-hazardous waste'), ('CPC', '39240: Waste and scrap of paper or paperboard')];treatment of waste paperboard, open burning;-0.0122605420657861;kilogram;waste paperboard;0.0;technosphere;GLO;ecoinvent_cutoff_3.9_remind_SSP2-PkBudg500_2090
3049ef7ebc2ab6d893d8acf819490f0a;market for waste polystyrene;FR;waste polystyrene;;[('ISIC rev.4 ecoinvent', '3821:Treatment and disposal of non-hazardous waste'), ('CPC', '39270: Waste, parings and scrap of plastics')];treatment of waste polystyrene, open burning;-0.00417186912852553;kilogram;waste polystyrene;0.0;technosphere;GLO;ecoinvent_cutoff_3.9_remind_SSP2-PkBudg500_2090
30a3309a7c66e1c0797a2856108bdfab;market for waste graphical paper;GB;waste graphical paper;;[('ISIC rev.4 ecoinvent', '3821:Treatment and disposal of non-hazardous waste'), ('CPC', '39990: Other wastes n.e.c.')];treatment of waste graphical paper, open burning;-0.00369092313422926;kilogram;waste graphical paper;0.0;technosphere;GLO;ecoinvent_cutoff_3.9_remind_SSP2-PkBudg500_2090
30b7cbb4107ae5f0d4c4098661e1d273;market for waste plastic, mixture;CY;waste plastic, mixture;;[('ISIC rev.4 ecoinvent', '3821:Treatment and disposal of non-hazardous waste'), ('CPC', '39270: Waste, parings and scrap of plastics')];treatment of waste plastic, mixture, open burning;-0.0135770927668737;kilogram;waste plastic, mixture;0.0;technosphere;GLO;ecoinvent_cutoff_3.9_remind_SSP2-PkBudg500_2090
30cf9ab362509a30a9169491228fc12a;market for waste glass;SK;waste glass;;"[('ISIC rev.4 ecoinvent', '3821:Treatment and disposal of non-hazardous waste'), ('CPC', '37111: Glass in the mass, in balls (except microspheres), rods or tubes, unworked; waste and scrap of glass')]";treatment of waste glass, open burning;-0.0143533996706812;kilogram;waste glass;0.0;technosphere;GLO;ecoinvent_cutoff_3.9_remind_SSP2-PkBudg500_2090
30f05624bf3780f1dac93cf74f0eb704;market for waste polystyrene;LV;waste polystyrene;;[('ISIC rev.4 ecoinvent', '3821:Treatment and disposal of non-hazardous waste'), ('CPC', '39270: Waste, parings and scrap of plastics')];treatment of waste polystyrene, open burning;-0.0330013176794512;kilogram;waste polystyrene;0.0;technosphere;GLO;ecoinvent_cutoff_3.9_remind_SSP2-PkBudg500_2090
312ec3471055cdf44c829b272e834ac3;market for waste glass;DE;waste glass;;"[('ISIC rev.4 ecoinvent', '3821:Treatment and disposal of non-hazardous waste'), ('CPC', '37111: Glass in the mass, in balls (except microspheres), rods or tubes, unworked; waste and scrap of glass')]";treatment of waste glass, open burning;-6.36128446588608e-05;kilogram;waste glass;0.0;technosphere;GLO;ecoinvent_cutoff_3.9_remind_SSP2-PkBudg500_2090
31b868291d80a58371f8043b988da996;market for waste plastic, mixture;NL;waste plastic, mixture;;[('ISIC rev.4 ecoinvent', '3821:Treatment and disposal of non-hazardous waste'), ('CPC', '39270: Waste, parings and scrap of plastics')];treatment of waste plastic, mixture, open burning;-0.000301606625741877;kilogram;waste plastic, mixture;0.0;technosphere;GLO;ecoinvent_cutoff_3.9_remind_SSP2-PkBudg500_2090
31c303be610ca09da9757b45196a4c38;treatment of waste wood, untreated, open burning;GLO;waste wood, untreated;;[('ISIC rev.4 ecoinvent', '3821:Treatment and disposal of non-hazardous waste'), ('CPC', '3928: Sawdust and wood waste and scrap')];treatment of waste wood, untreated, open burning;-1.0;kilogram;waste wood, untreated;1.0;production;GLO;ecoinvent_cutoff_3.9_remind_SSP2-PkBudg500_2090
32079b853a684db0c4272ff903c154d7;market for waste polypropylene;IS;waste polypropylene;;[('ISIC rev.4 ecoinvent', '3821:Treatment and disposal of non-hazardous waste'), ('CPC', '39270: Waste, parings and scrap of plastics')];treatment of waste polypropylene, open burning;-0.00917395587533919;kilogram;waste polypropylene;0.0;technosphere;GLO;ecoinvent_cutoff_3.9_remind_SSP2-PkBudg500_2090
3242fe091a5492c42b1898ab27790502;market for waste polyethylene terephthalate;IE;waste polyethylene terephthalate;;[('ISIC rev.4 ecoinvent', '3821:Treatment and disposal of non-hazardous waste'), ('CPC', '39270: Waste, parings and scrap of plastics')];treatment of waste polyethylene terephthalate, open burning;-0.0264593941066286;kilogram;waste polyethylene terephthalate;0.0;technosphere;GLO;ecoinvent_cutoff_3.9_remind_SSP2-PkBudg500_2090
329540e23ff5da37995d1346bc46ef7a;market for waste graphical paper;PE;waste graphical paper;;[('ISIC rev.4 ecoinvent', '3821:Treatment and disposal of non-hazardous waste'), ('CPC', '39990: Other wastes n.e.c.')];treatment of waste graphical paper, open burning;-0.0624725160068898;kilogram;waste graphical paper;0.0;technosphere;GLO;ecoinvent_cutoff_3.9_remind_SSP2-PkBudg500_2090
32b87a3c09f1bafe7e539f5eaf0af5aa;market for waste wood, untreated;BA;waste wood, untreated;;[('ISIC rev.4 ecoinvent', '3821:Treatment and disposal of non-hazardous waste'), ('CPC', '3928: Sawdust and wood waste and scrap')];treatment of waste wood, untreated, open burning;-0.0871242405735605;kilogram;waste wood, untreated;0.0;technosphere;GLO;ecoinvent_cutoff_3.9_remind_SSP2-PkBudg500_2090
33066cf31224161b6f7677741ec13114;market for waste wood, untreated;MK;waste wood, untreated;;[('ISIC rev.4 ecoinvent', '3821:Treatment and disposal of non-hazardous waste'), ('CPC', '3928: Sawdust and wood waste and scrap')];treatment of waste wood, untreated, open burning;-0.0860011568767784;kilogram;waste wood, untreated;0.0;technosphere;GLO;ecoinvent_cutoff_3.9_remind_SSP2-PkBudg500_2090
34ad5c8f89e24439451593870f2c3edb;market for municipal solid waste;CH;municipal solid waste;;[('ISIC rev.4 ecoinvent', '3821:Treatment and disposal of non-hazardous waste'), ('CPC', '39910: Municipal waste')];treatment of municipal solid waste, open burning;-0.000526841;kilogram;municipal solid waste;0.0;technosphere;GLO;ecoinvent_cutoff_3.9_remind_SSP2-PkBudg500_2090
3568d1f6173caded51524d4d4221d2d6;market for municipal solid waste;BE;municipal solid waste;;[('ISIC rev.4 ecoinvent', '3821:Treatment and disposal of non-hazardous waste'), ('CPC', '39910: Municipal waste')];treatment of municipal solid waste, open burning;-0.00018209;kilogram;municipal solid waste;0.0;technosphere;GLO;ecoinvent_cutoff_3.9_remind_SSP2-PkBudg500_2090
3569fb42440b6531b3fee6f0f1673e30;market for municipal solid waste;GR;municipal solid waste;;[('ISIC rev.4 ecoinvent', '3821:Treatment and disposal of non-hazardous waste'), ('CPC', '39910: Municipal waste')];treatment of municipal solid waste, open burning;-0.0152657;kilogram;municipal solid waste;0.0;technosphere;GLO;ecoinvent_cutoff_3.9_remind_SSP2-PkBudg500_2090
3570e30f9eb3310a2ba30ccc67c688d3;market for waste graphical paper;MT;waste graphical paper;;[('ISIC rev.4 ecoinvent', '3821:Treatment and disposal of non-hazardous waste'), ('CPC', '39990: Other wastes n.e.c.')];treatment of waste graphical paper, open burning;-0.0150317896138671;kilogram;waste graphical paper;0.0;technosphere;GLO;ecoinvent_cutoff_3.9_remind_SSP2-PkBudg500_2090
3684ddee266e30a93c76bfe8adf1676a;market for waste polyvinylchloride;IT;waste polyvinylchloride;;[('ISIC rev.4 ecoinvent', '3821:Treatment and disposal of non-hazardous waste'), ('CPC', '39270: Waste, parings and scrap of plastics')];treatment of waste polyvinylchloride, open burning;-0.00674378845855387;kilogram;waste polyvinylchloride;0.0;technosphere;GLO;ecoinvent_cutoff_3.9_remind_SSP2-PkBudg500_2090
36ba055aecbd9d6e8879539a0a8008e5;market for waste polystyrene;FI;waste polystyrene;;[('ISIC rev.4 ecoinvent', '3821:Treatment and disposal of non-hazardous waste'), ('CPC', '39270: Waste, parings and scrap of plastics')];treatment of waste polystyrene, open burning;-0.000565773149803462;kilogram;waste polystyrene;0.0;technosphere;GLO;ecoinvent_cutoff_3.9_remind_SSP2-PkBudg500_2090
36ff831357afd8d3b36ad14e6a16fe00;market for waste glass;FI;waste glass;;"[('ISIC rev.4 ecoinvent', '3821:Treatment and disposal of non-hazardous waste'), ('CPC', '37111: Glass in the mass, in balls (except microspheres), rods or tubes, unworked; waste and scrap of glass')]";treatment of waste glass, open burning;-0.000565773149803462;kilogram;waste glass;0.0;technosphere;GLO;ecoinvent_cutoff_3.9_remind_SSP2-PkBudg500_2090
37c7bc780bec2bbd0742cfaf2e7faf0f;market for waste glass;BA;waste glass;;"[('ISIC rev.4 ecoinvent', '3821:Treatment and disposal of non-hazardous waste'), ('CPC', '37111: Glass in the mass, in balls (except microspheres), rods or tubes, unworked; waste and scrap of glass')]";treatment of waste glass, open burning;-0.0871242405735605;kilogram;waste glass;0.0;technosphere;GLO;ecoinvent_cutoff_3.9_remind_SSP2-PkBudg500_2090
37cd47aa4cea933d9dadce53bd5919c6;market for waste polyethylene terephthalate;IT;waste polyethylene terephthalate;;[('ISIC rev.4 ecoinvent', '3821:Treatment and disposal of non-hazardous waste'), ('CPC', '39270: Waste, parings and scrap of plastics')];treatment of waste polyethylene terephthalate, open burning;-0.00674378845855387;kilogram;waste polyethylene terephthalate;0.0;technosphere;GLO;ecoinvent_cutoff_3.9_remind_SSP2-PkBudg500_2090
37d661caa088c92502e08e7ed5a6c154;market for waste polyurethane;DK;waste polyurethane;;[('ISIC rev.4 ecoinvent', '3821:Treatment and disposal of non-hazardous waste'), ('CPC', '39270: Waste, parings and scrap of plastics')];treatment of waste polyurethane, open burning;-0.00017434433461976;kilogram;waste polyurethane;0.0;technosphere;GLO;ecoinvent_cutoff_3.9_remind_SSP2-PkBudg500_2090
37f231dea24f830c1e0ccd7a17b50514;market for waste glass;PL;waste glass;;"[('ISIC rev.4 ecoinvent', '3821:Treatment and disposal of non-hazardous waste'), ('CPC', '37111: Glass in the mass, in balls (except microspheres), rods or tubes, unworked; waste and scrap of glass')]";treatment of waste glass, open burning;-0.0409099500836998;kilogram;waste glass;0.0;technosphere;GLO;ecoinvent_cutoff_3.9_remind_SSP2-PkBudg500_2090
37f4b9d7c237c556c105892f59ad6418;market for waste polyvinylchloride;NL;waste polyvinylchloride;;[('ISIC rev.4 ecoinvent', '3821:Treatment and disposal of non-hazardous waste'), ('CPC', '39270: Waste, parings and scrap of plastics')];treatment of waste polyvinylchloride, open burning;-0.000301606625741877;kilogram;waste polyvinylchloride;0.0;technosphere;GLO;ecoinvent_cutoff_3.9_remind_SSP2-PkBudg500_2090
389611d1a6921167b8bd444a92dd2912;market for waste polypropylene;BE;waste polypropylene;;[('ISIC rev.4 ecoinvent', '3821:Treatment and disposal of non-hazardous waste'), ('CPC', '39270: Waste, parings and scrap of plastics')];treatment of waste polypropylene, open burning;-0.000182090137116258;kilogram;waste polypropylene;0.0;technosphere;GLO;ecoinvent_cutoff_3.9_remind_SSP2-PkBudg500_2090
38a27ca0eabbccfe067de0b8b7a7dedd;market for municipal solid waste;NO;municipal solid waste;;[('ISIC rev.4 ecoinvent', '3821:Treatment and disposal of non-hazardous waste'), ('CPC', '39910: Municipal waste')];treatment of municipal solid waste, open burning;-0.000986036;kilogram;municipal solid waste;0.0;technosphere;GLO;ecoinvent_cutoff_3.9_remind_SSP2-PkBudg500_2090
39e64bb3570faac56f545a1984e237e6;market for waste polypropylene;FI;waste polypropylene;;[('ISIC rev.4 ecoinvent', '3821:Treatment and disposal of non-hazardous waste'), ('CPC', '39270: Waste, parings and scrap of plastics')];treatment of waste polypropylene, open burning;-0.000565773149803462;kilogram;waste polypropylene;0.0;technosphere;GLO;ecoinvent_cutoff_3.9_remind_SSP2-PkBudg500_2090
39f9837576fc962ec6447a5a65c157ce;market for waste wood, untreated;IE;waste wood, untreated;;[('ISIC rev.4 ecoinvent', '3821:Treatment and disposal of non-hazardous waste'), ('CPC', '3928: Sawdust and wood waste and scrap')];treatment of waste wood, untreated, open burning;-0.0264593941066286;kilogram;waste wood, untreated;0.0;technosphere;GLO;ecoinvent_cutoff_3.9_remind_SSP2-PkBudg500_2090
3a05f9bc8b8419cf313207e4b8369889;market for waste polypropylene;AT;waste polypropylene;;[('ISIC rev.4 ecoinvent', '3821:Treatment and disposal of non-hazardous waste'), ('CPC', '39270: Waste, parings and scrap of plastics')];treatment of waste polypropylene, open burning;-0.000668777328610643;kilogram;waste polypropylene;0.0;technosphere;GLO;ecoinvent_cutoff_3.9_remind_SSP2-PkBudg500_2090
3a6843b0d522b5654677a896cfa681c4;market for waste polypropylene;CZ;waste polypropylene;;[('ISIC rev.4 ecoinvent', '3821:Treatment and disposal of non-hazardous waste'), ('CPC', '39270: Waste, parings and scrap of plastics')];treatment of waste polypropylene, open burning;-0.0122605420657861;kilogram;waste polypropylene;0.0;technosphere;GLO;ecoinvent_cutoff_3.9_remind_SSP2-PkBudg500_2090
3aa5001a6ce0807add51ad09aeda6b9e;market for waste polypropylene;AL;waste polypropylene;;[('ISIC rev.4 ecoinvent', '3821:Treatment and disposal of non-hazardous waste'), ('CPC', '39270: Waste, parings and scrap of plastics')];treatment of waste polypropylene, open burning;-0.0589997881455436;kilogram;waste polypropylene;0.0;technosphere;GLO;ecoinvent_cutoff_3.9_remind_SSP2-PkBudg500_2090
3b4ef6ec1292781d02f39cc4e2a068e9;market for waste graphical paper;BR;waste graphical paper;;[('ISIC rev.4 ecoinvent', '3821:Treatment and disposal of non-hazardous waste'), ('CPC', '39990: Other wastes n.e.c.')];treatment of waste graphical paper, open burning;-0.0291927726473145;kilogram;waste graphical paper;0.0;technosphere;GLO;ecoinvent_cutoff_3.9_remind_SSP2-PkBudg500_2090
3ba28e08f56a5d716856de0bc3205c96;market for waste polystyrene;HR;waste polystyrene;;[('ISIC rev.4 ecoinvent', '3821:Treatment and disposal of non-hazardous waste'), ('CPC', '39270: Waste, parings and scrap of plastics')];treatment of waste polystyrene, open burning;-0.0205469906849226;kilogram;waste polystyrene;0.0;technosphere;GLO;ecoinvent_cutoff_3.9_remind_SSP2-PkBudg500_2090
3c5fe453ac5b46fc116228c47184ed8f;market for waste bamboo residues;GLO;waste bamboo residues;;[('ISIC rev.4 ecoinvent', '3821:Treatment and disposal of non-hazardous waste'), ('CPC', '3928: Sawdust and wood waste and scrap')];treatment of waste bamboo residues, open burning;-1.0;kilogram;waste bamboo residues;0.0;technosphere;GLO;ecoinvent_cutoff_3.9_remind_SSP2-PkBudg500_2090
3caa85f1a1330d8162a1fd11d48c47b7;market for waste polyurethane;BR;waste polyurethane;;[('ISIC rev.4 ecoinvent', '3821:Treatment and disposal of non-hazardous waste'), ('CPC', '39270: Waste, parings and scrap of plastics')];treatment of waste polyurethane, open burning;-0.0291927726473145;kilogram;waste polyurethane;0.0;technosphere;GLO;ecoinvent_cutoff_3.9_remind_SSP2-PkBudg500_2090
3cbbc9e5969cfe317d58d000364ced18;market for waste paperboard;ME;waste paperboard;;[('ISIC rev.4 ecoinvent', '3821:Treatment and disposal of non-hazardous waste'), ('CPC', '39240: Waste and scrap of paper or paperboard')];treatment of waste paperboard, open burning;-0.0634286239725263;kilogram;waste paperboard;0.0;technosphere;GLO;ecoinvent_cutoff_3.9_remind_SSP2-PkBudg500_2090
3d3ec311b16ce8725d3db76819b4b0b2;market for waste polyethylene terephthalate;AT;waste polyethylene terephthalate;;[('ISIC rev.4 ecoinvent', '3821:Treatment and disposal of non-hazardous waste'), ('CPC', '39270: Waste, parings and scrap of plastics')];treatment of waste polyethylene terephthalate, open burning;-0.000668777328610643;kilogram;waste polyethylene terephthalate;0.0;technosphere;GLO;ecoinvent_cutoff_3.9_remind_SSP2-PkBudg500_2090
3d824c52acb13b3338f66711f374c0e3;treatment of waste paperboard, open burning;GLO;waste paperboard;;[('ISIC rev.4 ecoinvent', '3821:Treatment and disposal of non-hazardous waste'), ('CPC', '39240: Waste and scrap of paper or paperboard')];treatment of waste paperboard, open burning;-1.0;kilogram;waste paperboard;1.0;production;GLO;ecoinvent_cutoff_3.9_remind_SSP2-PkBudg500_2090
3dce8d8e3899a89f74361b40ba05bd0a;treatment of waste plastic, consumer electronics, open burning;GLO;waste plastic, consumer electronics;;[('ISIC rev.4 ecoinvent', '3821:Treatment and disposal of non-hazardous waste'), ('CPC', '39270: Waste, parings and scrap of plastics')];treatment of waste plastic, consumer electronics, open burning;-1.0;kilogram;waste plastic, consumer electronics;4.0;production;GLO;ecoinvent_cutoff_3.9_remind_SSP2-PkBudg500_2090
3e4a00d1cdf4554f6611f1c98b01b1ff;market for waste glass;IN;waste glass;;"[('ISIC rev.4 ecoinvent', '3821:Treatment and disposal of non-hazardous waste'), ('CPC', '37111: Glass in the mass, in balls (except microspheres), rods or tubes, unworked; waste and scrap of glass')]";treatment of waste glass, open burning;-0.284307580310206;kilogram;waste glass;0.0;technosphere;GLO;ecoinvent_cutoff_3.9_remind_SSP2-PkBudg500_2090
3ec37d126aa1251d0bbc7515f8093205;market for waste polystyrene;ES;waste polystyrene;;[('ISIC rev.4 ecoinvent', '3821:Treatment and disposal of non-hazardous waste'), ('CPC', '39270: Waste, parings and scrap of plastics')];treatment of waste polystyrene, open burning;-0.0104397907139771;kilogram;waste polystyrene;0.0;technosphere;GLO;ecoinvent_cutoff_3.9_remind_SSP2-PkBudg500_2090
3ef03e8a75e25b8c546f51e6b76bb49a;market for waste polyurethane;AL;waste polyurethane;;[('ISIC rev.4 ecoinvent', '3821:Treatment and disposal of non-hazardous waste'), ('CPC', '39270: Waste, parings and scrap of plastics')];treatment of waste polyurethane, open burning;-0.0589997881455436;kilogram;waste polyurethane;0.0;technosphere;GLO;ecoinvent_cutoff_3.9_remind_SSP2-PkBudg500_2090
3f84dfa919d596aa6903f3c00112f24f;market for waste glass;CY;waste glass;;"[('ISIC rev.4 ecoinvent', '3821:Treatment and disposal of non-hazardous waste'), ('CPC', '37111: Glass in the mass, in balls (except microspheres), rods or tubes, unworked; waste and scrap of glass')]";treatment of waste glass, open burning;-0.0135770927668737;kilogram;waste glass;0.0;technosphere;GLO;ecoinvent_cutoff_3.9_remind_SSP2-PkBudg500_2090
400ccb5ccb671b95fc5ec0fbb76bfd0c;market for waste polystyrene;IE;waste polystyrene;;[('ISIC rev.4 ecoinvent', '3821:Treatment and disposal of non-hazardous waste'), ('CPC', '39270: Waste, parings and scrap of plastics')];treatment of waste polystyrene, open burning;-0.0264593941066286;kilogram;waste polystyrene;0.0;technosphere;GLO;ecoinvent_cutoff_3.9_remind_SSP2-PkBudg500_2090
4034a73a5c9ff0a78e79deb8a5a4e6d3;market for municipal solid waste;AT;municipal solid waste;;[('ISIC rev.4 ecoinvent', '3821:Treatment and disposal of non-hazardous waste'), ('CPC', '39910: Municipal waste')];treatment of municipal solid waste, open burning;-0.000668777;kilogram;municipal solid waste;0.0;technosphere;GLO;ecoinvent_cutoff_3.9_remind_SSP2-PkBudg500_2090
406e3c6857df81e743bbdb61b2f06474;market for waste wood, untreated;AL;waste wood, untreated;;[('ISIC rev.4 ecoinvent', '3821:Treatment and disposal of non-hazardous waste'), ('CPC', '3928: Sawdust and wood waste and scrap')];treatment of waste wood, untreated, open burning;-0.0589997881455436;kilogram;waste wood, untreated;0.0;technosphere;GLO;ecoinvent_cutoff_3.9_remind_SSP2-PkBudg500_2090
411f4c545bf4363fa9bd2fd90ab77f50;market for waste polyethylene terephthalate;FR;waste polyethylene terephthalate;;[('ISIC rev.4 ecoinvent', '3821:Treatment and disposal of non-hazardous waste'), ('CPC', '39270: Waste, parings and scrap of plastics')];treatment of waste polyethylene terephthalate, open burning;-0.00417186912852553;kilogram;waste polyethylene terephthalate;0.0;technosphere;GLO;ecoinvent_cutoff_3.9_remind_SSP2-PkBudg500_2090
41c3f3e2fa82b2f07225abc8c6ec73f0;market for waste polyurethane;MK;waste polyurethane;;[('ISIC rev.4 ecoinvent', '3821:Treatment and disposal of non-hazardous waste'), ('CPC', '39270: Waste, parings and scrap of plastics')];treatment of waste polyurethane, open burning;-0.0860011568767784;kilogram;waste polyurethane;0.0;technosphere;GLO;ecoinvent_cutoff_3.9_remind_SSP2-PkBudg500_2090
420d26df1f2ad9e7a08ac170a7d0df7c;market for waste wood, untreated;NL;waste wood, untreated;;[('ISIC rev.4 ecoinvent', '3821:Treatment and disposal of non-hazardous waste'), ('CPC', '3928: Sawdust and wood waste and scrap')];treatment of waste wood, untreated, open burning;-0.000301606625741877;kilogram;waste wood, untreated;0.0;technosphere;GLO;ecoinvent_cutoff_3.9_remind_SSP2-PkBudg500_2090
42b5d49608264c0265258b86488a6be7;market for waste glass;BG;waste glass;;"[('ISIC rev.4 ecoinvent', '3821:Treatment and disposal of non-hazardous waste'), ('CPC', '37111: Glass in the mass, in balls (except microspheres), rods or tubes, unworked; waste and scrap of glass')]";treatment of waste glass, open burning;-0.0275938418728608;kilogram;waste glass;0.0;technosphere;GLO;ecoinvent_cutoff_3.9_remind_SSP2-PkBudg500_2090
43f3ba13a5307171e3a893128eb7b391;market for waste polyurethane;IT;waste polyurethane;;[('ISIC rev.4 ecoinvent', '3821:Treatment and disposal of non-hazardous waste'), ('CPC', '39270: Waste, parings and scrap of plastics')];treatment of waste polyurethane, open burning;-0.00674378845855387;kilogram;waste polyurethane;0.0;technosphere;GLO;ecoinvent_cutoff_3.9_remind_SSP2-PkBudg500_2090
4450ace74cfe29fd54c5312292872e67;market for waste paperboard;IS;waste paperboard;;[('ISIC rev.4 ecoinvent', '3821:Treatment and disposal of non-hazardous waste'), ('CPC', '39240: Waste and scrap of paper or paperboard')];treatment of waste paperboard, open burning;-0.00917395587533919;kilogram;waste paperboard;0.0;technosphere;GLO;ecoinvent_cutoff_3.9_remind_SSP2-PkBudg500_2090
458d28f133a0a45de77a1f84cb60af85;market for waste polyvinylchloride;ZA;waste polyvinylchloride;;[('ISIC rev.4 ecoinvent', '3821:Treatment and disposal of non-hazardous waste'), ('CPC', '39270: Waste, parings and scrap of plastics')];treatment of waste polyvinylchloride, open burning;-0.0334239090407301;kilogram;waste polyvinylchloride;0.0;technosphere;GLO;ecoinvent_cutoff_3.9_remind_SSP2-PkBudg500_2090
45ca044ed7acf90d28d543c13bf3d7a1;market for waste polyethylene terephthalate;NO;waste polyethylene terephthalate;;[('ISIC rev.4 ecoinvent', '3821:Treatment and disposal of non-hazardous waste'), ('CPC', '39270: Waste, parings and scrap of plastics')];treatment of waste polyethylene terephthalate, open burning;-0.000986035967648575;kilogram;waste polyethylene terephthalate;0.0;technosphere;GLO;ecoinvent_cutoff_3.9_remind_SSP2-PkBudg500_2090
4603327ef6157f3681e0752392e6cb61;market for waste polyethylene;MT;waste polyethylene;;[('ISIC rev.4 ecoinvent', '3821:Treatment and disposal of non-hazardous waste'), ('CPC', '39270: Waste, parings and scrap of plastics')];treatment of waste polyethylene, open burning;-0.0150317896138671;kilogram;waste polyethylene;0.0;technosphere;GLO;ecoinvent_cutoff_3.9_remind_SSP2-PkBudg500_2090
463da78cf4005a5f4fc9fff592a0101c;market for waste graphical paper;GR;waste graphical paper;;[('ISIC rev.4 ecoinvent', '3821:Treatment and disposal of non-hazardous waste'), ('CPC', '39990: Other wastes n.e.c.')];treatment of waste graphical paper, open burning;-0.015265724881001;kilogram;waste graphical paper;0.0;technosphere;GLO;ecoinvent_cutoff_3.9_remind_SSP2-PkBudg500_2090
466d560a5cd2b7307cb1daba576855ca;market for waste polypropylene;IT;waste polypropylene;;[('ISIC rev.4 ecoinvent', '3821:Treatment and disposal of non-hazardous waste'), ('CPC', '39270: Waste, parings and scrap of plastics')];treatment of waste polypropylene, open burning;-0.00674378845855387;kilogram;waste polypropylene;0.0;technosphere;GLO;ecoinvent_cutoff_3.9_remind_SSP2-PkBudg500_2090
46f8ad037bcd64bf1b34f0c4b667c3e4;market for waste paperboard;HU;waste paperboard;;[('ISIC rev.4 ecoinvent', '3821:Treatment and disposal of non-hazardous waste'), ('CPC', '39240: Waste and scrap of paper or paperboard')];treatment of waste paperboard, open burning;-0.0216911062443454;kilogram;waste paperboard;0.0;technosphere;GLO;ecoinvent_cutoff_3.9_remind_SSP2-PkBudg500_2090
477724839120dfbd32708b78c757c67c;market for waste plastic, mixture;DE;waste plastic, mixture;;[('ISIC rev.4 ecoinvent', '3821:Treatment and disposal of non-hazardous waste'), ('CPC', '39270: Waste, parings and scrap of plastics')];treatment of waste plastic, mixture, open burning;-6.36128446588608e-05;kilogram;waste plastic, mixture;0.0;technosphere;GLO;ecoinvent_cutoff_3.9_remind_SSP2-PkBudg500_2090
49ec396e62aca80b878638db17357a79;market for waste graphical paper;EE;waste graphical paper;;[('ISIC rev.4 ecoinvent', '3821:Treatment and disposal of non-hazardous waste'), ('CPC', '39990: Other wastes n.e.c.')];treatment of waste graphical paper, open burning;-0.0278904162073016;kilogram;waste graphical paper;0.0;technosphere;GLO;ecoinvent_cutoff_3.9_remind_SSP2-PkBudg500_2090
49f431ac8c3ada149c574cf068f93aed;market for waste polystyrene;AL;waste polystyrene;;[('ISIC rev.4 ecoinvent', '3821:Treatment and disposal of non-hazardous waste'), ('CPC', '39270: Waste, parings and scrap of plastics')];treatment of waste polystyrene, open burning;-0.0589997881455436;kilogram;waste polystyrene;0.0;technosphere;GLO;ecoinvent_cutoff_3.9_remind_SSP2-PkBudg500_2090
49ff6b6b7f91e02b9476d00dfa4e3697;market for waste plastic, mixture;AL;waste plastic, mixture;;[('ISIC rev.4 ecoinvent', '3821:Treatment and disposal of non-hazardous waste'), ('CPC', '39270: Waste, parings and scrap of plastics')];treatment of waste plastic, mixture, open burning;-0.0589997881455436;kilogram;waste plastic, mixture;0.0;technosphere;GLO;ecoinvent_cutoff_3.9_remind_SSP2-PkBudg500_2090
4a39e7c1e0b3e75b29b8f3cf324b2ae2;market for waste glass;LU;waste glass;;"[('ISIC rev.4 ecoinvent', '3821:Treatment and disposal of non-hazardous waste'), ('CPC', '37111: Glass in the mass, in balls (except microspheres), rods or tubes, unworked; waste and scrap of glass')]";treatment of waste glass, open burning;-0.00260975115734594;kilogram;waste glass;0.0;technosphere;GLO;ecoinvent_cutoff_3.9_remind_SSP2-PkBudg500_2090
4ab826ef790dca1f3a809ebf76bede8d;market for waste polyvinylchloride;AT;waste polyvinylchloride;;[('ISIC rev.4 ecoinvent', '3821:Treatment and disposal of non-hazardous waste'), ('CPC', '39270: Waste, parings and scrap of plastics')];treatment of waste polyvinylchloride, open burning;-0.000668777328610643;kilogram;waste polyvinylchloride;0.0;technosphere;GLO;ecoinvent_cutoff_3.9_remind_SSP2-PkBudg500_2090
4ad8258d33096d0039e496f95640b3f1;market for waste plastic, mixture;ME;waste plastic, mixture;;[('ISIC rev.4 ecoinvent', '3821:Treatment and disposal of non-hazardous waste'), ('CPC', '39270: Waste, parings and scrap of plastics')];treatment of waste plastic, mixture, open burning;-0.0634286239725263;kilogram;waste plastic, mixture;0.0;technosphere;GLO;ecoinvent_cutoff_3.9_remind_SSP2-PkBudg500_2090
4b08169252cb59148e9a5fe438fddca9;market for waste wood, untreated;PT;waste wood, untreated;;[('ISIC rev.4 ecoinvent', '3821:Treatment and disposal of non-hazardous waste'), ('CPC', '3928: Sawdust and wood waste and scrap')];treatment of waste wood, untreated, open burning;-0.0107372908969953;kilogram;waste wood, untreated;0.0;technosphere;GLO;ecoinvent_cutoff_3.9_remind_SSP2-PkBudg500_2090
4b182919ef532fa0d8ae892241a99559;market for waste polyethylene;RoW;waste polyethylene;;[('EcoSpold01Categories', 'waste management/municipal incineration'), ('ISIC rev.4 ecoinvent', '3821:Treatment and disposal of non-hazardous waste'), ('CPC', '39270: Waste, parings and scrap of plastics')];treatment of waste polyethylene, open burning;-0.0974434868744583;kilogram;waste polyethylene;0.0;technosphere;GLO;ecoinvent_cutoff_3.9_remind_SSP2-PkBudg500_2090
4b1ee582f6b50e98fca26df426572902;market for waste polyethylene terephthalate;IN;waste polyethylene terephthalate;;[('ISIC rev.4 ecoinvent', '3821:Treatment and disposal of non-hazardous waste'), ('CPC', '39270: Waste, parings and scrap of plastics')];treatment of waste polyethylene terephthalate, open burning;-0.284307580310206;kilogram;waste polyethylene terephthalate;0.0;technosphere;GLO;ecoinvent_cutoff_3.9_remind_SSP2-PkBudg500_2090
4b3153669fff27444a4f8c86762ef87f;market for waste polyethylene terephthalate;BA;waste polyethylene terephthalate;;[('ISIC rev.4 ecoinvent', '3821:Treatment and disposal of non-hazardous waste'), ('CPC', '39270: Waste, parings and scrap of plastics')];treatment of waste polyethylene terephthalate, open burning;-0.0871242405735605;kilogram;waste polyethylene terephthalate;0.0;technosphere;GLO;ecoinvent_cutoff_3.9_remind_SSP2-PkBudg500_2090
4bcae9e1e0171fac1a3781c1e53f4f62;market for municipal solid waste;GB;municipal solid waste;;[('ISIC rev.4 ecoinvent', '3821:Treatment and disposal of non-hazardous waste'), ('CPC', '39910: Municipal waste')];treatment of municipal solid waste, open burning;-0.00369092;kilogram;municipal solid waste;0.0;technosphere;GLO;ecoinvent_cutoff_3.9_remind_SSP2-PkBudg500_2090
4c64ae617ff8b14695350a7d41b82db0;market for waste polyvinylchloride;EE;waste polyvinylchloride;;[('ISIC rev.4 ecoinvent', '3821:Treatment and disposal of non-hazardous waste'), ('CPC', '39270: Waste, parings and scrap of plastics')];treatment of waste polyvinylchloride, open burning;-0.0278904162073016;kilogram;waste polyvinylchloride;0.0;technosphere;GLO;ecoinvent_cutoff_3.9_remind_SSP2-PkBudg500_2090
4d3d0baef71bf04f81cc2f6db646adc1;market for waste polyvinylchloride;SK;waste polyvinylchloride;;[('ISIC rev.4 ecoinvent', '3821:Treatment and disposal of non-hazardous waste'), ('CPC', '39270: Waste, parings and scrap of plastics')];treatment of waste polyvinylchloride, open burning;-0.0143533996706812;kilogram;waste polyvinylchloride;0.0;technosphere;GLO;ecoinvent_cutoff_3.9_remind_SSP2-PkBudg500_2090
4eb32158e5e24dceecd652a2d3942b2a;market for waste polypropylene;IE;waste polypropylene;;[('ISIC rev.4 ecoinvent', '3821:Treatment and disposal of non-hazardous waste'), ('CPC', '39270: Waste, parings and scrap of plastics')];treatment of waste polypropylene, open burning;-0.0264593941066286;kilogram;waste polypropylene;0.0;technosphere;GLO;ecoinvent_cutoff_3.9_remind_SSP2-PkBudg500_2090
4f421f07baa49413d8f7ed1675d8ea96;market for waste paperboard;MK;waste paperboard;;[('ISIC rev.4 ecoinvent', '3821:Treatment and disposal of non-hazardous waste'), ('CPC', '39240: Waste and scrap of paper or paperboard')];treatment of waste paperboard, open burning;-0.0860011568767784;kilogram;waste paperboard;0.0;technosphere;GLO;ecoinvent_cutoff_3.9_remind_SSP2-PkBudg500_2090
4faba91bef78ad162c37e8c5927798e7;market for waste glass;NL;waste glass;;"[('ISIC rev.4 ecoinvent', '3821:Treatment and disposal of non-hazardous waste'), ('CPC', '37111: Glass in the mass, in balls (except microspheres), rods or tubes, unworked; waste and scrap of glass')]";treatment of waste glass, open burning;-0.000301606625741877;kilogram;waste glass;0.0;technosphere;GLO;ecoinvent_cutoff_3.9_remind_SSP2-PkBudg500_2090
513801baccd601f6eaebefa9dc87e699;market for waste wood, untreated;ME;waste wood, untreated;;[('ISIC rev.4 ecoinvent', '3821:Treatment and disposal of non-hazardous waste'), ('CPC', '3928: Sawdust and wood waste and scrap')];treatment of waste wood, untreated, open burning;-0.0634286239725263;kilogram;waste wood, untreated;0.0;technosphere;GLO;ecoinvent_cutoff_3.9_remind_SSP2-PkBudg500_2090
521f199895cb587ca36af15a11e27fe1;market for waste glass;RO;waste glass;;"[('ISIC rev.4 ecoinvent', '3821:Treatment and disposal of non-hazardous waste'), ('CPC', '37111: Glass in the mass, in balls (except microspheres), rods or tubes, unworked; waste and scrap of glass')]";treatment of waste glass, open burning;-0.113764292129076;kilogram;waste glass;0.0;technosphere;GLO;ecoinvent_cutoff_3.9_remind_SSP2-PkBudg500_2090
5227ff6382f3ffb7ecfe6b19048eadc3;market for waste polystyrene;LU;waste polystyrene;;[('ISIC rev.4 ecoinvent', '3821:Treatment and disposal of non-hazardous waste'), ('CPC', '39270: Waste, parings and scrap of plastics')];treatment of waste polystyrene, open burning;-0.00260975115734594;kilogram;waste polystyrene;0.0;technosphere;GLO;ecoinvent_cutoff_3.9_remind_SSP2-PkBudg500_2090
528112e9ac19c160b0dee0272914b5b1;market for waste polyurethane;SI;waste polyurethane;;[('ISIC rev.4 ecoinvent', '3821:Treatment and disposal of non-hazardous waste'), ('CPC', '39270: Waste, parings and scrap of plastics')];treatment of waste polyurethane, open burning;-0.00966043946660359;kilogram;waste polyurethane;0.0;technosphere;GLO;ecoinvent_cutoff_3.9_remind_SSP2-PkBudg500_2090
52812c2d2432a114fa9473cacdcb9e5e;market for waste polyurethane;CO;waste polyurethane;;[('ISIC rev.4 ecoinvent', '3821:Treatment and disposal of non-hazardous waste'), ('CPC', '39270: Waste, parings and scrap of plastics')];treatment of waste polyurethane, open burning;-0.0487658869735807;kilogram;waste polyurethane;0.0;technosphere;GLO;ecoinvent_cutoff_3.9_remind_SSP2-PkBudg500_2090
52d1c10efd680eebe33792ce1c9fccb6;market for waste polyvinylchloride;GB;waste polyvinylchloride;;[('ISIC rev.4 ecoinvent', '3821:Treatment and disposal of non-hazardous waste'), ('CPC', '39270: Waste, parings and scrap of plastics')];treatment of waste polyvinylchloride, open burning;-0.00369092313422926;kilogram;waste polyvinylchloride;0.0;technosphere;GLO;ecoinvent_cutoff_3.9_remind_SSP2-PkBudg500_2090
52e89ebe26993b2d420e61a393dd93a7;market for waste paperboard;RS;waste paperboard;;[('ISIC rev.4 ecoinvent', '3821:Treatment and disposal of non-hazardous waste'), ('CPC', '39240: Waste and scrap of paper or paperboard')];treatment of waste paperboard, open burning;-0.0897695128049834;kilogram;waste paperboard;0.0;technosphere;GLO;ecoinvent_cutoff_3.9_remind_SSP2-PkBudg500_2090
531243c6eebf55c1e78a892da02b35b1;market for waste graphical paper;PL;waste graphical paper;;[('ISIC rev.4 ecoinvent', '3821:Treatment and disposal of non-hazardous waste'), ('CPC', '39990: Other wastes n.e.c.')];treatment of waste graphical paper, open burning;-0.0409099500836998;kilogram;waste graphical paper;0.0;technosphere;GLO;ecoinvent_cutoff_3.9_remind_SSP2-PkBudg500_2090
5386ce5a18dc752c8cf436d54c0830cd;market for waste glass;DK;waste glass;;"[('ISIC rev.4 ecoinvent', '3821:Treatment and disposal of non-hazardous waste'), ('CPC', '37111: Glass in the mass, in balls (except microspheres), rods or tubes, unworked; waste and scrap of glass')]";treatment of waste glass, open burning;-0.00017434433461976;kilogram;waste glass;0.0;technosphere;GLO;ecoinvent_cutoff_3.9_remind_SSP2-PkBudg500_2090
538fd3825d6b93fd230e3e0bbc9182e4;market for waste polyurethane;ME;waste polyurethane;;[('ISIC rev.4 ecoinvent', '3821:Treatment and disposal of non-hazardous waste'), ('CPC', '39270: Waste, parings and scrap of plastics')];treatment of waste polyurethane, open burning;-0.0634286239725263;kilogram;waste polyurethane;0.0;technosphere;GLO;ecoinvent_cutoff_3.9_remind_SSP2-PkBudg500_2090
53db8b23ab20a4c7341db6967e9e8cc2;market for waste plastic, consumer electronics;RoW;waste plastic, consumer electronics;;[('ISIC rev.4 ecoinvent', '3821:Treatment and disposal of non-hazardous waste'), ('EcoSpold01Categories', 'waste management/municipal incineration'), ('CPC', '39270: Waste, parings and scrap of plastics')];treatment of waste plastic, consumer electronics, open burning;-7.64073257112798e-09;kilogram;waste plastic, consumer electronics;0.0;technosphere;GLO;ecoinvent_cutoff_3.9_remind_SSP2-PkBudg500_2090
53f6eabe6b31759e709ac5030271b7f4;market for waste polyethylene terephthalate;CO;waste polyethylene terephthalate;;[('ISIC rev.4 ecoinvent', '3821:Treatment and disposal of non-hazardous waste'), ('CPC', '39270: Waste, parings and scrap of plastics')];treatment of waste polyethylene terephthalate, open burning;-0.0487658869735807;kilogram;waste polyethylene terephthalate;0.0;technosphere;GLO;ecoinvent_cutoff_3.9_remind_SSP2-PkBudg500_2090
5415d9f06c536a5ed98642bc223027ac;market for waste polystyrene;GR;waste polystyrene;;[('ISIC rev.4 ecoinvent', '3821:Treatment and disposal of non-hazardous waste'), ('CPC', '39270: Waste, parings and scrap of plastics')];treatment of waste polystyrene, open burning;-0.015265724881001;kilogram;waste polystyrene;0.0;technosphere;GLO;ecoinvent_cutoff_3.9_remind_SSP2-PkBudg500_2090
55af041a2020418b4455bbb6b64dfec7;market for waste polyethylene;EE;waste polyethylene;;[('ISIC rev.4 ecoinvent', '3821:Treatment and disposal of non-hazardous waste'), ('CPC', '39270: Waste, parings and scrap of plastics')];treatment of waste polyethylene, open burning;-0.0278904162073016;kilogram;waste polyethylene;0.0;technosphere;GLO;ecoinvent_cutoff_3.9_remind_SSP2-PkBudg500_2090
55ed42b57991009e03970d48fde204e4;market for waste paperboard;BA;waste paperboard;;[('ISIC rev.4 ecoinvent', '3821:Treatment and disposal of non-hazardous waste'), ('CPC', '39240: Waste and scrap of paper or paperboard')];treatment of waste paperboard, open burning;-0.0871242405735605;kilogram;waste paperboard;0.0;technosphere;GLO;ecoinvent_cutoff_3.9_remind_SSP2-PkBudg500_2090
56a8922a98335afdf52d6dffb8713142;market for waste polypropylene;LV;waste polypropylene;;[('ISIC rev.4 ecoinvent', '3821:Treatment and disposal of non-hazardous waste'), ('CPC', '39270: Waste, parings and scrap of plastics')];treatment of waste polypropylene, open burning;-0.0330013176794512;kilogram;waste polypropylene;0.0;technosphere;GLO;ecoinvent_cutoff_3.9_remind_SSP2-PkBudg500_2090
5739f623afded8e074d60f8e0501d3ef;market for municipal solid waste;SI;municipal solid waste;;[('ISIC rev.4 ecoinvent', '3821:Treatment and disposal of non-hazardous waste'), ('CPC', '39910: Municipal waste')];treatment of municipal solid waste, open burning;-0.00966044;kilogram;municipal solid waste;0.0;technosphere;GLO;ecoinvent_cutoff_3.9_remind_SSP2-PkBudg500_2090
577d9f9107d70c5000e9604934575637;market for waste polyethylene;HU;waste polyethylene;;[('ISIC rev.4 ecoinvent', '3821:Treatment and disposal of non-hazardous waste'), ('CPC', '39270: Waste, parings and scrap of plastics')];treatment of waste polyethylene, open burning;-0.0216911062443454;kilogram;waste polyethylene;0.0;technosphere;GLO;ecoinvent_cutoff_3.9_remind_SSP2-PkBudg500_2090
57ed0c89f5a83fbefe8b09251f526b29;market for municipal solid waste;MT;municipal solid waste;;[('ISIC rev.4 ecoinvent', '3821:Treatment and disposal of non-hazardous waste'), ('CPC', '39910: Municipal waste')];treatment of municipal solid waste, open burning;-0.0150318;kilogram;municipal solid waste;0.0;technosphere;GLO;ecoinvent_cutoff_3.9_remind_SSP2-PkBudg500_2090
586f10e7be68bd6f505c95966506ac78;market for waste polypropylene;ME;waste polypropylene;;[('ISIC rev.4 ecoinvent', '3821:Treatment and disposal of non-hazardous waste'), ('CPC', '39270: Waste, parings and scrap of plastics')];treatment of waste polypropylene, open burning;-0.0634286239725263;kilogram;waste polypropylene;0.0;technosphere;GLO;ecoinvent_cutoff_3.9_remind_SSP2-PkBudg500_2090
5956c9d43f8572b12cef4e499a22bcc1;market for waste polypropylene;DK;waste polypropylene;;[('ISIC rev.4 ecoinvent', '3821:Treatment and disposal of non-hazardous waste'), ('CPC', '39270: Waste, parings and scrap of plastics')];treatment of waste polypropylene, open burning;-0.00017434433461976;kilogram;waste polypropylene;0.0;technosphere;GLO;ecoinvent_cutoff_3.9_remind_SSP2-PkBudg500_2090
5a400931f85f71f62cc02a62448fc6cc;market for waste polyethylene;PL;waste polyethylene;;[('ISIC rev.4 ecoinvent', '3821:Treatment and disposal of non-hazardous waste'), ('CPC', '39270: Waste, parings and scrap of plastics')];treatment of waste polyethylene, open burning;-0.0409099500836998;kilogram;waste polyethylene;0.0;technosphere;GLO;ecoinvent_cutoff_3.9_remind_SSP2-PkBudg500_2090
5b5a48fc8c092a1e667dd70d85d846e4;market for waste polystyrene;IS;waste polystyrene;;[('ISIC rev.4 ecoinvent', '3821:Treatment and disposal of non-hazardous waste'), ('CPC', '39270: Waste, parings and scrap of plastics')];treatment of waste polystyrene, open burning;-0.00917395587533919;kilogram;waste polystyrene;0.0;technosphere;GLO;ecoinvent_cutoff_3.9_remind_SSP2-PkBudg500_2090
5bbbb560cc5b244e9ac301f7d4feda87;market for waste wood, untreated;RoW;waste wood, untreated;;[('ISIC rev.4 ecoinvent', '3821:Treatment and disposal of non-hazardous waste'), ('EcoSpold01Categories', 'waste management/municipal incineration'), ('CPC', '3928: Sawdust and wood waste and scrap')];treatment of waste wood, untreated, open burning;-0.100978573111918;kilogram;waste wood, untreated;0.0;technosphere;GLO;ecoinvent_cutoff_3.9_remind_SSP2-PkBudg500_2090
5c9bb05327c0f50aab0f209b605e4cc1;market for waste glass;HU;waste glass;;"[('ISIC rev.4 ecoinvent', '3821:Treatment and disposal of non-hazardous waste'), ('CPC', '37111: Glass in the mass, in balls (except microspheres), rods or tubes, unworked; waste and scrap of glass')]";treatment of waste glass, open burning;-0.0216911062443454;kilogram;waste glass;0.0;technosphere;GLO;ecoinvent_cutoff_3.9_remind_SSP2-PkBudg500_2090
5cc4380bcdf5ecb005d7c1ceb8d4b158;market for waste polyethylene;ZA;waste polyethylene;;[('ISIC rev.4 ecoinvent', '3821:Treatment and disposal of non-hazardous waste'), ('CPC', '39270: Waste, parings and scrap of plastics')];treatment of waste polyethylene, open burning;-0.0334239090407301;kilogram;waste polyethylene;0.0;technosphere;GLO;ecoinvent_cutoff_3.9_remind_SSP2-PkBudg500_2090
5d70da4f02121296de86d807529738d1;market for waste, pneumatic tyres;GLO;waste, pneumatic tyres;;[('ISIC rev.4 ecoinvent', '3821:Treatment and disposal of non-hazardous waste'), ('CPC', '39260: Used pneumatic tyres of rubber')];treatment of waste, pneumatic tyres, open burning;-0.111938571428571;kilogram;waste, pneumatic tyres;0.0;technosphere;GH;ecoinvent_cutoff_3.9_remind_SSP2-PkBudg500_2090
5d70da4f02121296de86d807529738d1;market for waste, pneumatic tyres;GLO;waste, pneumatic tyres;;[('ISIC rev.4 ecoinvent', '3821:Treatment and disposal of non-hazardous waste'), ('CPC', '39260: Used pneumatic tyres of rubber')];treatment of waste, pneumatic tyres, open burning;-0.888061428571429;kilogram;waste, pneumatic tyres;0.0;technosphere;RoW;ecoinvent_cutoff_3.9_remind_SSP2-PkBudg500_2090
5f94f90610dbd9f860ac4d4f4d353013;market for waste polyethylene terephthalate;LT;waste polyethylene terephthalate;;[('ISIC rev.4 ecoinvent', '3821:Treatment and disposal of non-hazardous waste'), ('CPC', '39270: Waste, parings and scrap of plastics')];treatment of waste polyethylene terephthalate, open burning;-0.0203629272318968;kilogram;waste polyethylene terephthalate;0.0;technosphere;GLO;ecoinvent_cutoff_3.9_remind_SSP2-PkBudg500_2090
5fc8da2ed280b63c23b99cd47b6bba3c;market for waste polyvinylchloride;XK;waste polyvinylchloride;;[('ISIC rev.4 ecoinvent', '3821:Treatment and disposal of non-hazardous waste'), ('CPC', '39270: Waste, parings and scrap of plastics')];treatment of waste polyvinylchloride, open burning;-0.19020481996282;kilogram;waste polyvinylchloride;0.0;technosphere;GLO;ecoinvent_cutoff_3.9_remind_SSP2-PkBudg500_2090
5fcc634b9a859dfcfc2ce4c04bf832dc;market for waste polypropylene;SI;waste polypropylene;;[('ISIC rev.4 ecoinvent', '3821:Treatment and disposal of non-hazardous waste'), ('CPC', '39270: Waste, parings and scrap of plastics')];treatment of waste polypropylene, open burning;-0.00966043946660359;kilogram;waste polypropylene;0.0;technosphere;GLO;ecoinvent_cutoff_3.9_remind_SSP2-PkBudg500_2090
5fdc19464c8673cc84731890efa587f5;market for waste polystyrene;XK;waste polystyrene;;[('ISIC rev.4 ecoinvent', '3821:Treatment and disposal of non-hazardous waste'), ('CPC', '39270: Waste, parings and scrap of plastics')];treatment of waste polystyrene, open burning;-0.19020481996282;kilogram;waste polystyrene;0.0;technosphere;GLO;ecoinvent_cutoff_3.9_remind_SSP2-PkBudg500_2090
5ff0e4e6c2296844d994b732592557a7;market for waste glass;GB;waste glass;;"[('ISIC rev.4 ecoinvent', '3821:Treatment and disposal of non-hazardous waste'), ('CPC', '37111: Glass in the mass, in balls (except microspheres), rods or tubes, unworked; waste and scrap of glass')]";treatment of waste glass, open burning;-0.00369092313422926;kilogram;waste glass;0.0;technosphere;GLO;ecoinvent_cutoff_3.9_remind_SSP2-PkBudg500_2090
606c057b08092412f484c1ac43071a61;market for waste polyvinylchloride;GR;waste polyvinylchloride;;[('ISIC rev.4 ecoinvent', '3821:Treatment and disposal of non-hazardous waste'), ('CPC', '39270: Waste, parings and scrap of plastics')];treatment of waste polyvinylchloride, open burning;-0.015265724881001;kilogram;waste polyvinylchloride;0.0;technosphere;GLO;ecoinvent_cutoff_3.9_remind_SSP2-PkBudg500_2090
607a4b6091b5fed1beb982ff8d66dfff;market for waste polyethylene;LV;waste polyethylene;;[('ISIC rev.4 ecoinvent', '3821:Treatment and disposal of non-hazardous waste'), ('CPC', '39270: Waste, parings and scrap of plastics')];treatment of waste polyethylene, open burning;-0.0330013176794512;kilogram;waste polyethylene;0.0;technosphere;GLO;ecoinvent_cutoff_3.9_remind_SSP2-PkBudg500_2090
628306a10bbe13f2703fc773494b0d89;market for waste plastic, mixture;PE;waste plastic, mixture;;[('ISIC rev.4 ecoinvent', '3821:Treatment and disposal of non-hazardous waste'), ('CPC', '39270: Waste, parings and scrap of plastics')];treatment of waste plastic, mixture, open burning;-0.0624725160068898;kilogram;waste plastic, mixture;0.0;technosphere;GLO;ecoinvent_cutoff_3.9_remind_SSP2-PkBudg500_2090
6491da9891cdcb152b4b3ed3d8a06eaa;market for waste polystyrene;BG;waste polystyrene;;[('ISIC rev.4 ecoinvent', '3821:Treatment and disposal of non-hazardous waste'), ('CPC', '39270: Waste, parings and scrap of plastics')];treatment of waste polystyrene, open burning;-0.0275938418728608;kilogram;waste polystyrene;0.0;technosphere;GLO;ecoinvent_cutoff_3.9_remind_SSP2-PkBudg500_2090
653f739dfe2283e7fa86f3c831d1f290;market for waste paperboard;BR;waste paperboard;;[('ISIC rev.4 ecoinvent', '3821:Treatment and disposal of non-hazardous waste'), ('CPC', '39240: Waste and scrap of paper or paperboard')];treatment of waste paperboard, open burning;-0.0291927726473145;kilogram;waste paperboard;0.0;technosphere;GLO;ecoinvent_cutoff_3.9_remind_SSP2-PkBudg500_2090
663366cd59d4eb36064678a0b2d69168;market for waste polyethylene terephthalate;SE;waste polyethylene terephthalate;;[('ISIC rev.4 ecoinvent', '3821:Treatment and disposal of non-hazardous waste'), ('CPC', '39270: Waste, parings and scrap of plastics')];treatment of waste polyethylene terephthalate, open burning;-0.000111927049697239;kilogram;waste polyethylene terephthalate;0.0;technosphere;GLO;ecoinvent_cutoff_3.9_remind_SSP2-PkBudg500_2090
6699928fb9f10bacc607261a95f94179;market for waste plastic, mixture;IS;waste plastic, mixture;;[('ISIC rev.4 ecoinvent', '3821:Treatment and disposal of non-hazardous waste'), ('CPC', '39270: Waste, parings and scrap of plastics')];treatment of waste plastic, mixture, open burning;-0.00917395587533919;kilogram;waste plastic, mixture;0.0;technosphere;GLO;ecoinvent_cutoff_3.9_remind_SSP2-PkBudg500_2090
66e28db0f93716dafc896317fdb6ee9b;market for waste polystyrene;DE;waste polystyrene;;[('ISIC rev.4 ecoinvent', '3821:Treatment and disposal of non-hazardous waste'), ('CPC', '39270: Waste, parings and scrap of plastics')];treatment of waste polystyrene, open burning;-6.36128446588608e-05;kilogram;waste polystyrene;0.0;technosphere;GLO;ecoinvent_cutoff_3.9_remind_SSP2-PkBudg500_2090
66ecb9b214d474bad5935720b435708b;treatment of municipal solid waste, open burning;GLO;municipal solid waste;;[('ISIC rev.4 ecoinvent', '3821:Treatment and disposal of non-hazardous waste'), ('CPC', '39910: Municipal waste')];treatment of municipal solid waste, open burning;-1.0;kilogram;municipal solid waste;1.0;production;GLO;ecoinvent_cutoff_3.9_remind_SSP2-PkBudg500_2090
67ea62b0f5c5a4103f9b407c17ef0e35;market for waste polyethylene terephthalate;CZ;waste polyethylene terephthalate;;[('ISIC rev.4 ecoinvent', '3821:Treatment and disposal of non-hazardous waste'), ('CPC', '39270: Waste, parings and scrap of plastics')];treatment of waste polyethylene terephthalate, open burning;-0.0122605420657861;kilogram;waste polyethylene terephthalate;0.0;technosphere;GLO;ecoinvent_cutoff_3.9_remind_SSP2-PkBudg500_2090
6898c7e880221bfa606abbde6980856d;market for waste polyethylene;FR;waste polyethylene;;[('ISIC rev.4 ecoinvent', '3821:Treatment and disposal of non-hazardous waste'), ('CPC', '39270: Waste, parings and scrap of plastics')];treatment of waste polyethylene, open burning;-0.00417186912852553;kilogram;waste polyethylene;0.0;technosphere;GLO;ecoinvent_cutoff_3.9_remind_SSP2-PkBudg500_2090
68d2b121116654c935e1048356742946;market for waste wood, untreated;CZ;waste wood, untreated;;[('ISIC rev.4 ecoinvent', '3821:Treatment and disposal of non-hazardous waste'), ('CPC', '3928: Sawdust and wood waste and scrap')];treatment of waste wood, untreated, open burning;-0.0122605420657861;kilogram;waste wood, untreated;0.0;technosphere;GLO;ecoinvent_cutoff_3.9_remind_SSP2-PkBudg500_2090
68fdb5d18a878e8d58a17abaec75b33f;market for waste plastic, mixture;RoW;waste plastic, mixture;;[('ISIC rev.4 ecoinvent', '3821:Treatment and disposal of non-hazardous waste'), ('EcoSpold01Categories', 'waste management/municipal incineration'), ('CPC', '39270: Waste, parings and scrap of plastics')];treatment of waste plastic, mixture, open burning;-0.0974434868744583;kilogram;waste plastic, mixture;0.0;technosphere;GLO;ecoinvent_cutoff_3.9_remind_SSP2-PkBudg500_2090
697659f890c931ad6b6b5540c2a528d6;market for waste polystyrene;EE;waste polystyrene;;[('ISIC rev.4 ecoinvent', '3821:Treatment and disposal of non-hazardous waste'), ('CPC', '39270: Waste, parings and scrap of plastics')];treatment of waste polystyrene, open burning;-0.0278904162073016;kilogram;waste polystyrene;0.0;technosphere;GLO;ecoinvent_cutoff_3.9_remind_SSP2-PkBudg500_2090
69b21e59e3222c2fdcaa89f83a81d67d;market for waste graphical paper;NO;waste graphical paper;;[('ISIC rev.4 ecoinvent', '3821:Treatment and disposal of non-hazardous waste'), ('CPC', '39990: Other wastes n.e.c.')];treatment of waste graphical paper, open burning;-0.000986035967648575;kilogram;waste graphical paper;0.0;technosphere;GLO;ecoinvent_cutoff_3.9_remind_SSP2-PkBudg500_2090
6abf5aed7f07f5fc28d20c8470e470ee;market for waste polyethylene;CO;waste polyethylene;;[('ISIC rev.4 ecoinvent', '3821:Treatment and disposal of non-hazardous waste'), ('CPC', '39270: Waste, parings and scrap of plastics')];treatment of waste polyethylene, open burning;-0.0487658869735807;kilogram;waste polyethylene;0.0;technosphere;GLO;ecoinvent_cutoff_3.9_remind_SSP2-PkBudg500_2090
6ad7821ffc8fb47138b4278529660908;market for waste paperboard;SI;waste paperboard;;[('ISIC rev.4 ecoinvent', '3821:Treatment and disposal of non-hazardous waste'), ('CPC', '39240: Waste and scrap of paper or paperboard')];treatment of waste paperboard, open burning;-0.00966043946660359;kilogram;waste paperboard;0.0;technosphere;GLO;ecoinvent_cutoff_3.9_remind_SSP2-PkBudg500_2090
6bae94e11cc25bb350a3b5ec1d6fcdfe;market for waste polyurethane;MT;waste polyurethane;;[('ISIC rev.4 ecoinvent', '3821:Treatment and disposal of non-hazardous waste'), ('CPC', '39270: Waste, parings and scrap of plastics')];treatment of waste polyurethane, open burning;-0.0150317896138671;kilogram;waste polyurethane;0.0;technosphere;GLO;ecoinvent_cutoff_3.9_remind_SSP2-PkBudg500_2090
6bc0b33200505809829afc778e730d85;market for waste graphical paper;CZ;waste graphical paper;;[('ISIC rev.4 ecoinvent', '3821:Treatment and disposal of non-hazardous waste'), ('CPC', '39990: Other wastes n.e.c.')];treatment of waste graphical paper, open burning;-0.0122605420657861;kilogram;waste graphical paper;0.0;technosphere;GLO;ecoinvent_cutoff_3.9_remind_SSP2-PkBudg500_2090
6c27104b2122cc84bfde55a8872d1c50;market for waste polyethylene terephthalate;HU;waste polyethylene terephthalate;;[('ISIC rev.4 ecoinvent', '3821:Treatment and disposal of non-hazardous waste'), ('CPC', '39270: Waste, parings and scrap of plastics')];treatment of waste polyethylene terephthalate, open burning;-0.0216911062443454;kilogram;waste polyethylene terephthalate;0.0;technosphere;GLO;ecoinvent_cutoff_3.9_remind_SSP2-PkBudg500_2090
6c54efe8c46dd52ec473c718ccfc4966;market for waste polyvinylchloride;IS;waste polyvinylchloride;;[('ISIC rev.4 ecoinvent', '3821:Treatment and disposal of non-hazardous waste'), ('CPC', '39270: Waste, parings and scrap of plastics')];treatment of waste polyvinylchloride, open burning;-0.00917395587533919;kilogram;waste polyvinylchloride;0.0;technosphere;GLO;ecoinvent_cutoff_3.9_remind_SSP2-PkBudg500_2090
6c6ba7747e7e0bd39143a918a23f33cc;market for waste wood, untreated;MT;waste wood, untreated;;[('ISIC rev.4 ecoinvent', '3821:Treatment and disposal of non-hazardous waste'), ('CPC', '3928: Sawdust and wood waste and scrap')];treatment of waste wood, untreated, open burning;-0.0150317896138671;kilogram;waste wood, untreated;0.0;technosphere;GLO;ecoinvent_cutoff_3.9_remind_SSP2-PkBudg500_2090
6cf2eea870b3c19b198b2c6e213f4683;market for waste polyurethane;DE;waste polyurethane;;[('ISIC rev.4 ecoinvent', '3821:Treatment and disposal of non-hazardous waste'), ('CPC', '39270: Waste, parings and scrap of plastics')];treatment of waste polyurethane, open burning;-6.36128446588608e-05;kilogram;waste polyurethane;0.0;technosphere;GLO;ecoinvent_cutoff_3.9_remind_SSP2-PkBudg500_2090
6d151770c3c56c3da01b5b7194623de8;market for waste paperboard;GB;waste paperboard;;[('ISIC rev.4 ecoinvent', '3821:Treatment and disposal of non-hazardous waste'), ('CPC', '39240: Waste and scrap of paper or paperboard')];treatment of waste paperboard, open burning;-0.00369092313422926;kilogram;waste paperboard;0.0;technosphere;GLO;ecoinvent_cutoff_3.9_remind_SSP2-PkBudg500_2090
6ef72d39e839e10d12dae36a5c6695e3;market for waste polyurethane;SK;waste polyurethane;;[('ISIC rev.4 ecoinvent', '3821:Treatment and disposal of non-hazardous waste'), ('CPC', '39270: Waste, parings and scrap of plastics')];treatment of waste polyurethane, open burning;-0.0143533996706812;kilogram;waste polyurethane;0.0;technosphere;GLO;ecoinvent_cutoff_3.9_remind_SSP2-PkBudg500_2090
70096ba0f879bcdce1b1edcf0d25e992;market for waste paperboard;LU;waste paperboard;;[('ISIC rev.4 ecoinvent', '3821:Treatment and disposal of non-hazardous waste'), ('CPC', '39240: Waste and scrap of paper or paperboard')];treatment of waste paperboard, open burning;-0.00260975115734594;kilogram;waste paperboard;0.0;technosphere;GLO;ecoinvent_cutoff_3.9_remind_SSP2-PkBudg500_2090
70369b698565f2018da928070a9bbbff;market for waste polyethylene terephthalate;CY;waste polyethylene terephthalate;;[('ISIC rev.4 ecoinvent', '3821:Treatment and disposal of non-hazardous waste'), ('CPC', '39270: Waste, parings and scrap of plastics')];treatment of waste polyethylene terephthalate, open burning;-0.0135770927668737;kilogram;waste polyethylene terephthalate;0.0;technosphere;GLO;ecoinvent_cutoff_3.9_remind_SSP2-PkBudg500_2090
71fccd114dbbe8c54a2d8196aa269c04;market for waste polyethylene;SI;waste polyethylene;;[('ISIC rev.4 ecoinvent', '3821:Treatment and disposal of non-hazardous waste'), ('CPC', '39270: Waste, parings and scrap of plastics')];treatment of waste polyethylene, open burning;-0.00966043946660359;kilogram;waste polyethylene;0.0;technosphere;GLO;ecoinvent_cutoff_3.9_remind_SSP2-PkBudg500_2090
721ae79285226621f79832bab54b5aa3;market for waste polystyrene;IT;waste polystyrene;;[('ISIC rev.4 ecoinvent', '3821:Treatment and disposal of non-hazardous waste'), ('CPC', '39270: Waste, parings and scrap of plastics')];treatment of waste polystyrene, open burning;-0.00674378845855387;kilogram;waste polystyrene;0.0;technosphere;GLO;ecoinvent_cutoff_3.9_remind_SSP2-PkBudg500_2090
7290cca9f924279a3234d3b7f91c6354;market for waste polyvinylchloride;HU;waste polyvinylchloride;;[('ISIC rev.4 ecoinvent', '3821:Treatment and disposal of non-hazardous waste'), ('CPC', '39270: Waste, parings and scrap of plastics')];treatment of waste polyvinylchloride, open burning;-0.0216911062443454;kilogram;waste polyvinylchloride;0.0;technosphere;GLO;ecoinvent_cutoff_3.9_remind_SSP2-PkBudg500_2090
72a811facf0a16c1592c9ac3397f09a4;market for waste polyethylene terephthalate;LV;waste polyethylene terephthalate;;[('ISIC rev.4 ecoinvent', '3821:Treatment and disposal of non-hazardous waste'), ('CPC', '39270: Waste, parings and scrap of plastics')];treatment of waste polyethylene terephthalate, open burning;-0.0330013176794512;kilogram;waste polyethylene terephthalate;0.0;technosphere;GLO;ecoinvent_cutoff_3.9_remind_SSP2-PkBudg500_2090
7328c07b6239a3fec7bb75141b826324;market for waste polyethylene;NO;waste polyethylene;;[('ISIC rev.4 ecoinvent', '3821:Treatment and disposal of non-hazardous waste'), ('CPC', '39270: Waste, parings and scrap of plastics')];treatment of waste polyethylene, open burning;-0.000986035967648575;kilogram;waste polyethylene;0.0;technosphere;GLO;ecoinvent_cutoff_3.9_remind_SSP2-PkBudg500_2090
7398bb9023f296137e2ef64dcd50c803;market for waste polyethylene;XK;waste polyethylene;;[('ISIC rev.4 ecoinvent', '3821:Treatment and disposal of non-hazardous waste'), ('CPC', '39270: Waste, parings and scrap of plastics')];treatment of waste polyethylene, open burning;-0.19020481996282;kilogram;waste polyethylene;0.0;technosphere;GLO;ecoinvent_cutoff_3.9_remind_SSP2-PkBudg500_2090
743cf3fee94763de1c1b4f4b8dcdf10f;market for waste polystyrene;ME;waste polystyrene;;[('ISIC rev.4 ecoinvent', '3821:Treatment and disposal of non-hazardous waste'), ('CPC', '39270: Waste, parings and scrap of plastics')];treatment of waste polystyrene, open burning;-0.0634286239725263;kilogram;waste polystyrene;0.0;technosphere;GLO;ecoinvent_cutoff_3.9_remind_SSP2-PkBudg500_2090
758cdb70c326950e77c3a1f403d855c8;market for waste polypropylene;NO;waste polypropylene;;[('ISIC rev.4 ecoinvent', '3821:Treatment and disposal of non-hazardous waste'), ('CPC', '39270: Waste, parings and scrap of plastics')];treatment of waste polypropylene, open burning;-0.000986035967648575;kilogram;waste polypropylene;0.0;technosphere;GLO;ecoinvent_cutoff_3.9_remind_SSP2-PkBudg500_2090
75ec06cccf0f18ce7aa1149d9caa9e1a;market for waste paperboard;ES;waste paperboard;;[('ISIC rev.4 ecoinvent', '3821:Treatment and disposal of non-hazardous waste'), ('CPC', '39240: Waste and scrap of paper or paperboard')];treatment of waste paperboard, open burning;-0.0104397907139771;kilogram;waste paperboard;0.0;technosphere;GLO;ecoinvent_cutoff_3.9_remind_SSP2-PkBudg500_2090
76890225832040e545c951b1d09a6464;market for municipal solid waste;AL;municipal solid waste;;[('ISIC rev.4 ecoinvent', '3821:Treatment and disposal of non-hazardous waste'), ('CPC', '39910: Municipal waste')];treatment of municipal solid waste, open burning;-0.0589998;kilogram;municipal solid waste;0.0;technosphere;GLO;ecoinvent_cutoff_3.9_remind_SSP2-PkBudg500_2090
76a5f99677da5081dca7f97292755802;market for waste wood, untreated;CH;waste wood, untreated;;[('ISIC rev.4 ecoinvent', '3821:Treatment and disposal of non-hazardous waste'), ('CPC', '3928: Sawdust and wood waste and scrap')];treatment of waste wood, untreated, open burning;-0.000526841223095166;kilogram;waste wood, untreated;0.0;technosphere;GLO;ecoinvent_cutoff_3.9_remind_SSP2-PkBudg500_2090
77b1d16630337753b242880c792b36ad;market for waste polyurethane;GB;waste polyurethane;;[('ISIC rev.4 ecoinvent', '3821:Treatment and disposal of non-hazardous waste'), ('CPC', '39270: Waste, parings and scrap of plastics')];treatment of waste polyurethane, open burning;-0.00369092313422926;kilogram;waste polyurethane;0.0;technosphere;GLO;ecoinvent_cutoff_3.9_remind_SSP2-PkBudg500_2090
77dfa72a914a4e9e8de7b796028d2f73;market for waste polystyrene;CO;waste polystyrene;;[('ISIC rev.4 ecoinvent', '3821:Treatment and disposal of non-hazardous waste'), ('CPC', '39270: Waste, parings and scrap of plastics')];treatment of waste polystyrene, open burning;-0.0487658869735807;kilogram;waste polystyrene;0.0;technosphere;GLO;ecoinvent_cutoff_3.9_remind_SSP2-PkBudg500_2090
77dff51d6bc8c588c52c5d46f8b52b8f;market for waste polystyrene;CZ;waste polystyrene;;[('ISIC rev.4 ecoinvent', '3821:Treatment and disposal of non-hazardous waste'), ('CPC', '39270: Waste, parings and scrap of plastics')];treatment of waste polystyrene, open burning;-0.0122605420657861;kilogram;waste polystyrene;0.0;technosphere;GLO;ecoinvent_cutoff_3.9_remind_SSP2-PkBudg500_2090
78d0f6f541ce4fd21f7c66b7c45749b1;market for waste plastic, mixture;LU;waste plastic, mixture;;[('ISIC rev.4 ecoinvent', '3821:Treatment and disposal of non-hazardous waste'), ('CPC', '39270: Waste, parings and scrap of plastics')];treatment of waste plastic, mixture, open burning;-0.00260975115734594;kilogram;waste plastic, mixture;0.0;technosphere;GLO;ecoinvent_cutoff_3.9_remind_SSP2-PkBudg500_2090
7961d23a40beb740407837512bb6cea4;market for waste plastic, mixture;ZA;waste plastic, mixture;;[('ISIC rev.4 ecoinvent', '3821:Treatment and disposal of non-hazardous waste'), ('CPC', '39270: Waste, parings and scrap of plastics')];treatment of waste plastic, mixture, open burning;-0.0334239090407301;kilogram;waste plastic, mixture;0.0;technosphere;GLO;ecoinvent_cutoff_3.9_remind_SSP2-PkBudg500_2090
79ef33ce7039329f30554f9d36d33ab9;market for waste wood, untreated;DK;waste wood, untreated;;[('ISIC rev.4 ecoinvent', '3821:Treatment and disposal of non-hazardous waste'), ('CPC', '3928: Sawdust and wood waste and scrap')];treatment of waste wood, untreated, open burning;-0.00017434433461976;kilogram;waste wood, untreated;0.0;technosphere;GLO;ecoinvent_cutoff_3.9_remind_SSP2-PkBudg500_2090
7a8418c2532dee7751485efcedae73f4;market for waste polyvinylchloride;FI;waste polyvinylchloride;;[('ISIC rev.4 ecoinvent', '3821:Treatment and disposal of non-hazardous waste'), ('CPC', '39270: Waste, parings and scrap of plastics')];treatment of waste polyvinylchloride, open burning;-0.000565773149803462;kilogram;waste polyvinylchloride;0.0;technosphere;GLO;ecoinvent_cutoff_3.9_remind_SSP2-PkBudg500_2090
7ab98bce9d7dad3b28611b60a235f7b2;market for waste graphical paper;BG;waste graphical paper;;[('ISIC rev.4 ecoinvent', '3821:Treatment and disposal of non-hazardous waste'), ('CPC', '39990: Other wastes n.e.c.')];treatment of waste graphical paper, open burning;-0.0275938418728608;kilogram;waste graphical paper;0.0;technosphere;GLO;ecoinvent_cutoff_3.9_remind_SSP2-PkBudg500_2090
7b79b0c5b6fde48495eab404954087fb;market for waste polyethylene;DK;waste polyethylene;;[('ISIC rev.4 ecoinvent', '3821:Treatment and disposal of non-hazardous waste'), ('CPC', '39270: Waste, parings and scrap of plastics')];treatment of waste polyethylene, open burning;-0.00017434433461976;kilogram;waste polyethylene;0.0;technosphere;GLO;ecoinvent_cutoff_3.9_remind_SSP2-PkBudg500_2090
7bb46dcb1890ba8ceef295d80be3ed15;market for waste polypropylene;RO;waste polypropylene;;[('ISIC rev.4 ecoinvent', '3821:Treatment and disposal of non-hazardous waste'), ('CPC', '39270: Waste, parings and scrap of plastics')];treatment of waste polypropylene, open burning;-0.113764292129076;kilogram;waste polypropylene;0.0;technosphere;GLO;ecoinvent_cutoff_3.9_remind_SSP2-PkBudg500_2090
7bc82b0f2183ffc285f087037be4f111;market for waste plastic, mixture;RO;waste plastic, mixture;;[('ISIC rev.4 ecoinvent', '3821:Treatment and disposal of non-hazardous waste'), ('CPC', '39270: Waste, parings and scrap of plastics')];treatment of waste plastic, mixture, open burning;-0.113764292129076;kilogram;waste plastic, mixture;0.0;technosphere;GLO;ecoinvent_cutoff_3.9_remind_SSP2-PkBudg500_2090
7c0e3434011f622d87e5b5973e39c222;market for municipal solid waste;RO;municipal solid waste;;[('ISIC rev.4 ecoinvent', '3821:Treatment and disposal of non-hazardous waste'), ('CPC', '39910: Municipal waste')];treatment of municipal solid waste, open burning;-0.113764;kilogram;municipal solid waste;0.0;technosphere;GLO;ecoinvent_cutoff_3.9_remind_SSP2-PkBudg500_2090
7c2847815fdc6cc37925b8ace8a4077d;market for waste paperboard;ZA;waste paperboard;;[('ISIC rev.4 ecoinvent', '3821:Treatment and disposal of non-hazardous waste'), ('CPC', '39240: Waste and scrap of paper or paperboard')];treatment of waste paperboard, open burning;-0.0334239090407301;kilogram;waste paperboard;0.0;technosphere;GLO;ecoinvent_cutoff_3.9_remind_SSP2-PkBudg500_2090
7cd2897f1f68934887503a7994200b2c;market for waste wood, untreated;HU;waste wood, untreated;;[('ISIC rev.4 ecoinvent', '3821:Treatment and disposal of non-hazardous waste'), ('CPC', '3928: Sawdust and wood waste and scrap')];treatment of waste wood, untreated, open burning;-0.0216911062443454;kilogram;waste wood, untreated;0.0;technosphere;GLO;ecoinvent_cutoff_3.9_remind_SSP2-PkBudg500_2090
7d16ef83b4423772dace6da052c15f20;market for waste paperboard;FR;waste paperboard;;[('ISIC rev.4 ecoinvent', '3821:Treatment and disposal of non-hazardous waste'), ('CPC', '39240: Waste and scrap of paper or paperboard')];treatment of waste paperboard, open burning;-0.00417186912852553;kilogram;waste paperboard;0.0;technosphere;GLO;ecoinvent_cutoff_3.9_remind_SSP2-PkBudg500_2090
7d5cc4d6119faae8bf616eb94f22015f;market for waste glass;PT;waste glass;;"[('ISIC rev.4 ecoinvent', '3821:Treatment and disposal of non-hazardous waste'), ('CPC', '37111: Glass in the mass, in balls (except microspheres), rods or tubes, unworked; waste and scrap of glass')]";treatment of waste glass, open burning;-0.0107372908969953;kilogram;waste glass;0.0;technosphere;GLO;ecoinvent_cutoff_3.9_remind_SSP2-PkBudg500_2090
7d8d423acd8d1f202cd52dcce4dd44fa;market for waste graphical paper;DK;waste graphical paper;;[('ISIC rev.4 ecoinvent', '3821:Treatment and disposal of non-hazardous waste'), ('CPC', '39990: Other wastes n.e.c.')];treatment of waste graphical paper, open burning;-0.00017434433461976;kilogram;waste graphical paper;0.0;technosphere;GLO;ecoinvent_cutoff_3.9_remind_SSP2-PkBudg500_2090
7e08795d86bd4b496b1188620005eb01;market for waste polyurethane;IS;waste polyurethane;;[('ISIC rev.4 ecoinvent', '3821:Treatment and disposal of non-hazardous waste'), ('CPC', '39270: Waste, parings and scrap of plastics')];treatment of waste polyurethane, open burning;-0.00917395587533919;kilogram;waste polyurethane;0.0;technosphere;GLO;ecoinvent_cutoff_3.9_remind_SSP2-PkBudg500_2090
7ef6159a1d03221e3e6cabfe1f87c992;market for waste polypropylene;BR;waste polypropylene;;[('ISIC rev.4 ecoinvent', '3821:Treatment and disposal of non-hazardous waste'), ('CPC', '39270: Waste, parings and scrap of plastics')];treatment of waste polypropylene, open burning;-0.0291927726473145;kilogram;waste polypropylene;0.0;technosphere;GLO;ecoinvent_cutoff_3.9_remind_SSP2-PkBudg500_2090
7f4a9e022bd88d416e9e7fb560e7704c;market for waste polyethylene;LT;waste polyethylene;;[('ISIC rev.4 ecoinvent', '3821:Treatment and disposal of non-hazardous waste'), ('CPC', '39270: Waste, parings and scrap of plastics')];treatment of waste polyethylene, open burning;-0.0203629272318968;kilogram;waste polyethylene;0.0;technosphere;GLO;ecoinvent_cutoff_3.9_remind_SSP2-PkBudg500_2090
7f632c43d9cebb4a1a64ef0c2ddbb6cb;market for waste wood, untreated;CY;waste wood, untreated;;[('ISIC rev.4 ecoinvent', '3821:Treatment and disposal of non-hazardous waste'), ('CPC', '3928: Sawdust and wood waste and scrap')];treatment of waste wood, untreated, open burning;-0.0135770927668737;kilogram;waste wood, untreated;0.0;technosphere;GLO;ecoinvent_cutoff_3.9_remind_SSP2-PkBudg500_2090
7fecd2e7919046eb3f4444bb90acf4ad;market for waste graphical paper;IN;waste graphical paper;;[('ISIC rev.4 ecoinvent', '3821:Treatment and disposal of non-hazardous waste'), ('CPC', '39990: Other wastes n.e.c.')];treatment of waste graphical paper, open burning;-0.284307580310206;kilogram;waste graphical paper;0.0;technosphere;GLO;ecoinvent_cutoff_3.9_remind_SSP2-PkBudg500_2090
81d27ff022d242d205b50f82676cf469;market for municipal solid waste;LU;municipal solid waste;;[('ISIC rev.4 ecoinvent', '3821:Treatment and disposal of non-hazardous waste'), ('CPC', '39910: Municipal waste')];treatment of municipal solid waste, open burning;-0.00260975;kilogram;municipal solid waste;0.0;technosphere;GLO;ecoinvent_cutoff_3.9_remind_SSP2-PkBudg500_2090
82bff05f3642ddf445fd38ec21118491;market for waste polyvinylchloride;PE;waste polyvinylchloride;;[('ISIC rev.4 ecoinvent', '3821:Treatment and disposal of non-hazardous waste'), ('CPC', '39270: Waste, parings and scrap of plastics')];treatment of waste polyvinylchloride, open burning;-0.0624725160068898;kilogram;waste polyvinylchloride;0.0;technosphere;GLO;ecoinvent_cutoff_3.9_remind_SSP2-PkBudg500_2090
82c724383b0bf0b13eeda2268fb05582;market for waste polypropylene;SE;waste polypropylene;;[('ISIC rev.4 ecoinvent', '3821:Treatment and disposal of non-hazardous waste'), ('CPC', '39270: Waste, parings and scrap of plastics')];treatment of waste polypropylene, open burning;-0.000111927049697239;kilogram;waste polypropylene;0.0;technosphere;GLO;ecoinvent_cutoff_3.9_remind_SSP2-PkBudg500_2090
8313a36988df6096d9ccaba88359d51d;market for waste polystyrene;NL;waste polystyrene;;[('ISIC rev.4 ecoinvent', '3821:Treatment and disposal of non-hazardous waste'), ('CPC', '39270: Waste, parings and scrap of plastics')];treatment of waste polystyrene, open burning;-0.000301606625741877;kilogram;waste polystyrene;0.0;technosphere;GLO;ecoinvent_cutoff_3.9_remind_SSP2-PkBudg500_2090
838febc275da25ddd5b8e6d3550214fd;market for waste polyethylene;PE;waste polyethylene;;[('ISIC rev.4 ecoinvent', '3821:Treatment and disposal of non-hazardous waste'), ('CPC', '39270: Waste, parings and scrap of plastics')];treatment of waste polyethylene, open burning;-0.0624725160068898;kilogram;waste polyethylene;0.0;technosphere;GLO;ecoinvent_cutoff_3.9_remind_SSP2-PkBudg500_2090
84a08985eb6f1755dfb0665627c0b28f;market for waste glass;LV;waste glass;;"[('ISIC rev.4 ecoinvent', '3821:Treatment and disposal of non-hazardous waste'), ('CPC', '37111: Glass in the mass, in balls (except microspheres), rods or tubes, unworked; waste and scrap of glass')]";treatment of waste glass, open burning;-0.0330013176794512;kilogram;waste glass;0.0;technosphere;GLO;ecoinvent_cutoff_3.9_remind_SSP2-PkBudg500_2090
84e89e1f548f4ecf0c843c646bcb404f;market for waste plastic, mixture;NO;waste plastic, mixture;;[('ISIC rev.4 ecoinvent', '3821:Treatment and disposal of non-hazardous waste'), ('CPC', '39270: Waste, parings and scrap of plastics')];treatment of waste plastic, mixture, open burning;-0.000986035967648575;kilogram;waste plastic, mixture;0.0;technosphere;GLO;ecoinvent_cutoff_3.9_remind_SSP2-PkBudg500_2090
853c5efa830301634ef4f24e0060333c;market for waste polyvinylchloride;MT;waste polyvinylchloride;;[('ISIC rev.4 ecoinvent', '3821:Treatment and disposal of non-hazardous waste'), ('CPC', '39270: Waste, parings and scrap of plastics')];treatment of waste polyvinylchloride, open burning;-0.0150317896138671;kilogram;waste polyvinylchloride;0.0;technosphere;GLO;ecoinvent_cutoff_3.9_remind_SSP2-PkBudg500_2090
85792a278e5a1620fc7121605e11d3da;market for municipal solid waste;IT;municipal solid waste;;[('ISIC rev.4 ecoinvent', '3821:Treatment and disposal of non-hazardous waste'), ('CPC', '39910: Municipal waste')];treatment of municipal solid waste, open burning;-0.00674379;kilogram;municipal solid waste;0.0;technosphere;GLO;ecoinvent_cutoff_3.9_remind_SSP2-PkBudg500_2090
867e5aff03d3706819725bc3c1f06825;market for waste graphical paper;LV;waste graphical paper;;[('ISIC rev.4 ecoinvent', '3821:Treatment and disposal of non-hazardous waste'), ('CPC', '39990: Other wastes n.e.c.')];treatment of waste graphical paper, open burning;-0.0330013176794512;kilogram;waste graphical paper;0.0;technosphere;GLO;ecoinvent_cutoff_3.9_remind_SSP2-PkBudg500_2090
874d28d28e47ad10f27282d281984d84;market for waste glass;SE;waste glass;;"[('ISIC rev.4 ecoinvent', '3821:Treatment and disposal of non-hazardous waste'), ('CPC', '37111: Glass in the mass, in balls (except microspheres), rods or tubes, unworked; waste and scrap of glass')]";treatment of waste glass, open burning;-0.000111927049697239;kilogram;waste glass;0.0;technosphere;GLO;ecoinvent_cutoff_3.9_remind_SSP2-PkBudg500_2090
87f9d49e6315c1c59ffe14ed825b7941;market for municipal solid waste;XK;municipal solid waste;;[('ISIC rev.4 ecoinvent', '3821:Treatment and disposal of non-hazardous waste'), ('CPC', '39910: Municipal waste')];treatment of municipal solid waste, open burning;-0.190205;kilogram;municipal solid waste;0.0;technosphere;GLO;ecoinvent_cutoff_3.9_remind_SSP2-PkBudg500_2090
88269261065b68badf55812a61734fa6;market for waste wood, untreated;SI;waste wood, untreated;;[('ISIC rev.4 ecoinvent', '3821:Treatment and disposal of non-hazardous waste'), ('CPC', '3928: Sawdust and wood waste and scrap')];treatment of waste wood, untreated, open burning;-0.00966043946660359;kilogram;waste wood, untreated;0.0;technosphere;GLO;ecoinvent_cutoff_3.9_remind_SSP2-PkBudg500_2090
8870bf3b2562844a05ea241df161f38d;market for municipal solid waste;PT;municipal solid waste;;[('ISIC rev.4 ecoinvent', '3821:Treatment and disposal of non-hazardous waste'), ('CPC', '39910: Municipal waste')];treatment of municipal solid waste, open burning;-0.0107373;kilogram;municipal solid waste;0.0;technosphere;GLO;ecoinvent_cutoff_3.9_remind_SSP2-PkBudg500_2090
8980b6f2160e5e38721af14e4f7c8e69;market for waste polyethylene terephthalate;BR;waste polyethylene terephthalate;;[('ISIC rev.4 ecoinvent', '3821:Treatment and disposal of non-hazardous waste'), ('CPC', '39270: Waste, parings and scrap of plastics')];treatment of waste polyethylene terephthalate, open burning;-0.0291927726473145;kilogram;waste polyethylene terephthalate;0.0;technosphere;GLO;ecoinvent_cutoff_3.9_remind_SSP2-PkBudg500_2090
89ad79300155f5263a15dcb63f9e0eab;market for waste polyvinylchloride;CH;waste polyvinylchloride;;[('ISIC rev.4 ecoinvent', '3821:Treatment and disposal of non-hazardous waste'), ('CPC', '39270: Waste, parings and scrap of plastics')];treatment of waste polyvinylchloride, open burning;-0.000526841223095166;kilogram;waste polyvinylchloride;0.0;technosphere;GLO;ecoinvent_cutoff_3.9_remind_SSP2-PkBudg500_2090
89e76b6544d8a3380e1e7f18c05bc658;market for waste polyethylene;ES;waste polyethylene;;[('ISIC rev.4 ecoinvent', '3821:Treatment and disposal of non-hazardous waste'), ('CPC', '39270: Waste, parings and scrap of plastics')];treatment of waste polyethylene, open burning;-0.0104397907139771;kilogram;waste polyethylene;0.0;technosphere;GLO;ecoinvent_cutoff_3.9_remind_SSP2-PkBudg500_2090
8a8cfc6fd44123c42c816eccd37b1a02;market for waste polyethylene;CZ;waste polyethylene;;[('ISIC rev.4 ecoinvent', '3821:Treatment and disposal of non-hazardous waste'), ('CPC', '39270: Waste, parings and scrap of plastics')];treatment of waste polyethylene, open burning;-0.0122605420657861;kilogram;waste polyethylene;0.0;technosphere;GLO;ecoinvent_cutoff_3.9_remind_SSP2-PkBudg500_2090
8ad5ec27914d0649f03497a94b4934c4;market for waste glass;BE;waste glass;;"[('ISIC rev.4 ecoinvent', '3821:Treatment and disposal of non-hazardous waste'), ('CPC', '37111: Glass in the mass, in balls (except microspheres), rods or tubes, unworked; waste and scrap of glass')]";treatment of waste glass, open burning;-0.000182090137116258;kilogram;waste glass;0.0;technosphere;GLO;ecoinvent_cutoff_3.9_remind_SSP2-PkBudg500_2090
8ba0d9e40e90171be5b7078528402045;market for waste paperboard;NL;waste paperboard;;[('ISIC rev.4 ecoinvent', '3821:Treatment and disposal of non-hazardous waste'), ('CPC', '39240: Waste and scrap of paper or paperboard')];treatment of waste paperboard, open burning;-0.000301606625741877;kilogram;waste paperboard;0.0;technosphere;GLO;ecoinvent_cutoff_3.9_remind_SSP2-PkBudg500_2090
8c8626252f1aead51cb54529b802f05d;market for waste glass;LT;waste glass;;"[('ISIC rev.4 ecoinvent', '3821:Treatment and disposal of non-hazardous waste'), ('CPC', '37111: Glass in the mass, in balls (except microspheres), rods or tubes, unworked; waste and scrap of glass')]";treatment of waste glass, open burning;-0.0203629272318968;kilogram;waste glass;0.0;technosphere;GLO;ecoinvent_cutoff_3.9_remind_SSP2-PkBudg500_2090
8d169aa70131c8a73b9d3585160a2d8f;market for waste polyethylene;NL;waste polyethylene;;[('ISIC rev.4 ecoinvent', '3821:Treatment and disposal of non-hazardous waste'), ('CPC', '39270: Waste, parings and scrap of plastics')];treatment of waste polyethylene, open burning;-0.000301606625741877;kilogram;waste polyethylene;0.0;technosphere;GLO;ecoinvent_cutoff_3.9_remind_SSP2-PkBudg500_2090
8ec2b1e9b1b739099708fe8bed5a0540;market for waste wood, untreated;FR;waste wood, untreated;;[('ISIC rev.4 ecoinvent', '3821:Treatment and disposal of non-hazardous waste'), ('CPC', '3928: Sawdust and wood waste and scrap')];treatment of waste wood, untreated, open burning;-0.00417186912852553;kilogram;waste wood, untreated;0.0;technosphere;GLO;ecoinvent_cutoff_3.9_remind_SSP2-PkBudg500_2090
8f64dfd9739305eadfdab57d026ba08e;market for waste wood, untreated;ES;waste wood, untreated;;[('ISIC rev.4 ecoinvent', '3821:Treatment and disposal of non-hazardous waste'), ('CPC', '3928: Sawdust and wood waste and scrap')];treatment of waste wood, untreated, open burning;-0.0104397907139771;kilogram;waste wood, untreated;0.0;technosphere;GLO;ecoinvent_cutoff_3.9_remind_SSP2-PkBudg500_2090
90f8a03564fcd35f36a93128e3550cbf;market for waste polypropylene;LU;waste polypropylene;;[('ISIC rev.4 ecoinvent', '3821:Treatment and disposal of non-hazardous waste'), ('CPC', '39270: Waste, parings and scrap of plastics')];treatment of waste polypropylene, open burning;-0.00260975115734594;kilogram;waste polypropylene;0.0;technosphere;GLO;ecoinvent_cutoff_3.9_remind_SSP2-PkBudg500_2090
920e2127e997938bec9f790f47be353a;market for waste paperboard;NO;waste paperboard;;[('ISIC rev.4 ecoinvent', '3821:Treatment and disposal of non-hazardous waste'), ('CPC', '39240: Waste and scrap of paper or paperboard')];treatment of waste paperboard, open burning;-0.000986035967648575;kilogram;waste paperboard;0.0;technosphere;GLO;ecoinvent_cutoff_3.9_remind_SSP2-PkBudg500_2090
921d6b3f9346afa020f8a406011642ae;market for waste graphical paper;RoW;waste graphical paper;;[('ISIC rev.4 ecoinvent', '3821:Treatment and disposal of non-hazardous waste'), ('EcoSpold01Categories', 'waste management/municipal incineration'), ('CPC', '39990: Other wastes n.e.c.')];treatment of waste graphical paper, open burning;-0.0818907401750148;kilogram;waste graphical paper;0.0;technosphere;GLO;ecoinvent_cutoff_3.9_remind_SSP2-PkBudg500_2090
926d9daa422fad4addfdbeb42d3a6518;market for waste glass;FR;waste glass;;"[('ISIC rev.4 ecoinvent', '3821:Treatment and disposal of non-hazardous waste'), ('CPC', '37111: Glass in the mass, in balls (except microspheres), rods or tubes, unworked; waste and scrap of glass')]";treatment of waste glass, open burning;-0.00417186912852553;kilogram;waste glass;0.0;technosphere;GLO;ecoinvent_cutoff_3.9_remind_SSP2-PkBudg500_2090
92f8c145960f3052072b14a53a929708;market for waste polypropylene;PE;waste polypropylene;;[('ISIC rev.4 ecoinvent', '3821:Treatment and disposal of non-hazardous waste'), ('CPC', '39270: Waste, parings and scrap of plastics')];treatment of waste polypropylene, open burning;-0.0624725160068898;kilogram;waste polypropylene;0.0;technosphere;GLO;ecoinvent_cutoff_3.9_remind_SSP2-PkBudg500_2090
9340bd278dd4262bf76aab8918c4e0f9;market for waste wood, untreated;RO;waste wood, untreated;;[('ISIC rev.4 ecoinvent', '3821:Treatment and disposal of non-hazardous waste'), ('CPC', '3928: Sawdust and wood waste and scrap')];treatment of waste wood, untreated, open burning;-0.113764292129076;kilogram;waste wood, untreated;0.0;technosphere;GLO;ecoinvent_cutoff_3.9_remind_SSP2-PkBudg500_2090
9340f4f1e988d2142fc6c5265af9d2eb;market for waste polypropylene;XK;waste polypropylene;;[('ISIC rev.4 ecoinvent', '3821:Treatment and disposal of non-hazardous waste'), ('CPC', '39270: Waste, parings and scrap of plastics')];treatment of waste polypropylene, open burning;-0.19020481996282;kilogram;waste polypropylene;0.0;technosphere;GLO;ecoinvent_cutoff_3.9_remind_SSP2-PkBudg500_2090
935f63eb0945e49cd3e50d69497447ab;market for waste polystyrene;CH;waste polystyrene;;[('ISIC rev.4 ecoinvent', '3821:Treatment and disposal of non-hazardous waste'), ('CPC', '39270: Waste, parings and scrap of plastics')];treatment of waste polystyrene, open burning;-0.000526841223095166;kilogram;waste polystyrene;0.0;technosphere;GLO;ecoinvent_cutoff_3.9_remind_SSP2-PkBudg500_2090
93bebd09758685320e5107013cd2f4d1;market for municipal solid waste;HR;municipal solid waste;;[('ISIC rev.4 ecoinvent', '3821:Treatment and disposal of non-hazardous waste'), ('CPC', '39910: Municipal waste')];treatment of municipal solid waste, open burning;-0.020547;kilogram;municipal solid waste;0.0;technosphere;GLO;ecoinvent_cutoff_3.9_remind_SSP2-PkBudg500_2090
93d2b8e011cc9ade9700fa8319ee999e;market for waste paperboard;DE;waste paperboard;;[('ISIC rev.4 ecoinvent', '3821:Treatment and disposal of non-hazardous waste'), ('CPC', '39240: Waste and scrap of paper or paperboard')];treatment of waste paperboard, open burning;-6.36128446588608e-05;kilogram;waste paperboard;0.0;technosphere;GLO;ecoinvent_cutoff_3.9_remind_SSP2-PkBudg500_2090
93d4bd789ea3941cc5068d9d6ac31681;market for waste polyethylene terephthalate;XK;waste polyethylene terephthalate;;[('ISIC rev.4 ecoinvent', '3821:Treatment and disposal of non-hazardous waste'), ('CPC', '39270: Waste, parings and scrap of plastics')];treatment of waste polyethylene terephthalate, open burning;-0.19020481996282;kilogram;waste polyethylene terephthalate;0.0;technosphere;GLO;ecoinvent_cutoff_3.9_remind_SSP2-PkBudg500_2090
9586df92a350f454d38e389a53e6fde4;market for waste polyvinylchloride;CY;waste polyvinylchloride;;[('ISIC rev.4 ecoinvent', '3821:Treatment and disposal of non-hazardous waste'), ('CPC', '39270: Waste, parings and scrap of plastics')];treatment of waste polyvinylchloride, open burning;-0.0135770927668737;kilogram;waste polyvinylchloride;0.0;technosphere;GLO;ecoinvent_cutoff_3.9_remind_SSP2-PkBudg500_2090
96f98400aa7bffa49cc17925507b7598;market for waste polyethylene;BE;waste polyethylene;;[('ISIC rev.4 ecoinvent', '3821:Treatment and disposal of non-hazardous waste'), ('CPC', '39270: Waste, parings and scrap of plastics')];treatment of waste polyethylene, open burning;-0.000182090137116258;kilogram;waste polyethylene;0.0;technosphere;GLO;ecoinvent_cutoff_3.9_remind_SSP2-PkBudg500_2090
972aae537217e77bf60ba203816bdbce;market for waste paperboard;PT;waste paperboard;;[('ISIC rev.4 ecoinvent', '3821:Treatment and disposal of non-hazardous waste'), ('CPC', '39240: Waste and scrap of paper or paperboard')];treatment of waste paperboard, open burning;-0.0107372908969953;kilogram;waste paperboard;0.0;technosphere;GLO;ecoinvent_cutoff_3.9_remind_SSP2-PkBudg500_2090
98d0b5bcb97f3f98730e03c132eb0d67;market for waste polyethylene terephthalate;IS;waste polyethylene terephthalate;;[('ISIC rev.4 ecoinvent', '3821:Treatment and disposal of non-hazardous waste'), ('CPC', '39270: Waste, parings and scrap of plastics')];treatment of waste polyethylene terephthalate, open burning;-0.00917395587533919;kilogram;waste polyethylene terephthalate;0.0;technosphere;GLO;ecoinvent_cutoff_3.9_remind_SSP2-PkBudg500_2090
9936946880734591ea7e7bc5dc84d008;market for waste graphical paper;IS;waste graphical paper;;[('ISIC rev.4 ecoinvent', '3821:Treatment and disposal of non-hazardous waste'), ('CPC', '39990: Other wastes n.e.c.')];treatment of waste graphical paper, open burning;-0.00917395587533919;kilogram;waste graphical paper;0.0;technosphere;GLO;ecoinvent_cutoff_3.9_remind_SSP2-PkBudg500_2090
9a35145379f16604c8919ee0b0b53962;market for municipal solid waste;IE;municipal solid waste;;[('ISIC rev.4 ecoinvent', '3821:Treatment and disposal of non-hazardous waste'), ('CPC', '39910: Municipal waste')];treatment of municipal solid waste, open burning;-0.0264594;kilogram;municipal solid waste;0.0;technosphere;GLO;ecoinvent_cutoff_3.9_remind_SSP2-PkBudg500_2090
9a6a06bd0c19178adabe818f3e5af1fe;market for waste, electrical and electronic cables;GLO;waste, electrical and electronic cables;;[('ISIC rev.4 ecoinvent', '3821:Treatment and disposal of non-hazardous waste'), ('CPC', '39361: Waste and scrap of copper')];treatment of waste, electrical and electronic cables, open burning;-0.9;kilogram;waste, electrical and electronic cables;0.0;technosphere;RoW;ecoinvent_cutoff_3.9_remind_SSP2-PkBudg500_2090
9a6a06bd0c19178adabe818f3e5af1fe;market for waste, electrical and electronic cables;GLO;waste, electrical and electronic cables;;[('ISIC rev.4 ecoinvent', '3821:Treatment and disposal of non-hazardous waste'), ('CPC', '39361: Waste and scrap of copper')];treatment of waste, electrical and electronic cables, open burning;-0.1;kilogram;waste, electrical and electronic cables;0.0;technosphere;GH;ecoinvent_cutoff_3.9_remind_SSP2-PkBudg500_2090
9a74c54163f4e27dcbcf2f5b2487c3cd;market for waste polyurethane;RS;waste polyurethane;;[('ISIC rev.4 ecoinvent', '3821:Treatment and disposal of non-hazardous waste'), ('CPC', '39270: Waste, parings and scrap of plastics')];treatment of waste polyurethane, open burning;-0.0897695128049834;kilogram;waste polyurethane;0.0;technosphere;GLO;ecoinvent_cutoff_3.9_remind_SSP2-PkBudg500_2090
9b1d5c32051e02ebbcff776d254dae33;market for waste polystyrene;SI;waste polystyrene;;[('ISIC rev.4 ecoinvent', '3821:Treatment and disposal of non-hazardous waste'), ('CPC', '39270: Waste, parings and scrap of plastics')];treatment of waste polystyrene, open burning;-0.00966043946660359;kilogram;waste polystyrene;0.0;technosphere;GLO;ecoinvent_cutoff_3.9_remind_SSP2-PkBudg500_2090
9b2f0e3186cdbd85680b4f6b8634ae59;market for waste polyvinylchloride;IN;waste polyvinylchloride;;[('ISIC rev.4 ecoinvent', '3821:Treatment and disposal of non-hazardous waste'), ('CPC', '39270: Waste, parings and scrap of plastics')];treatment of waste polyvinylchloride, open burning;-0.284307580310206;kilogram;waste polyvinylchloride;0.0;technosphere;GLO;ecoinvent_cutoff_3.9_remind_SSP2-PkBudg500_2090
9b80d4488cd9b9a512a16152d6409f94;market for waste glass;BR;waste glass;;"[('ISIC rev.4 ecoinvent', '3821:Treatment and disposal of non-hazardous waste'), ('CPC', '37111: Glass in the mass, in balls (except microspheres), rods or tubes, unworked; waste and scrap of glass')]";treatment of waste glass, open burning;-0.0291927726473145;kilogram;waste glass;0.0;technosphere;GLO;ecoinvent_cutoff_3.9_remind_SSP2-PkBudg500_2090
9c760e6a1a9236103e59cf676a1659b3;market for municipal solid waste;CY;municipal solid waste;;[('ISIC rev.4 ecoinvent', '3821:Treatment and disposal of non-hazardous waste'), ('CPC', '39910: Municipal waste')];treatment of municipal solid waste, open burning;-0.0135771;kilogram;municipal solid waste;0.0;technosphere;GLO;ecoinvent_cutoff_3.9_remind_SSP2-PkBudg500_2090
9c9796f3a4e8a2c88b567136b600b003;market for waste polyethylene terephthalate;BG;waste polyethylene terephthalate;;[('ISIC rev.4 ecoinvent', '3821:Treatment and disposal of non-hazardous waste'), ('CPC', '39270: Waste, parings and scrap of plastics')];treatment of waste polyethylene terephthalate, open burning;-0.0275938418728608;kilogram;waste polyethylene terephthalate;0.0;technosphere;GLO;ecoinvent_cutoff_3.9_remind_SSP2-PkBudg500_2090
9ce2276b270a4301902519cc69a05d4e;market for waste polyvinylchloride;NO;waste polyvinylchloride;;[('ISIC rev.4 ecoinvent', '3821:Treatment and disposal of non-hazardous waste'), ('CPC', '39270: Waste, parings and scrap of plastics')];treatment of waste polyvinylchloride, open burning;-0.000986035967648575;kilogram;waste polyvinylchloride;0.0;technosphere;GLO;ecoinvent_cutoff_3.9_remind_SSP2-PkBudg500_2090
9e2dd24e472970725842c8705611232d;market for waste graphical paper;AL;waste graphical paper;;[('ISIC rev.4 ecoinvent', '3821:Treatment and disposal of non-hazardous waste'), ('CPC', '39990: Other wastes n.e.c.')];treatment of waste graphical paper, open burning;-0.0589997881455436;kilogram;waste graphical paper;0.0;technosphere;GLO;ecoinvent_cutoff_3.9_remind_SSP2-PkBudg500_2090
9e5edd5f63360237bed75eb20499a2da;market for waste glass;AT;waste glass;;"[('ISIC rev.4 ecoinvent', '3821:Treatment and disposal of non-hazardous waste'), ('CPC', '37111: Glass in the mass, in balls (except microspheres), rods or tubes, unworked; waste and scrap of glass')]";treatment of waste glass, open burning;-0.000668777328610643;kilogram;waste glass;0.0;technosphere;GLO;ecoinvent_cutoff_3.9_remind_SSP2-PkBudg500_2090
9e7d0a9e75b115080fca8ab90356ff68;market for waste polyurethane;FR;waste polyurethane;;[('ISIC rev.4 ecoinvent', '3821:Treatment and disposal of non-hazardous waste'), ('CPC', '39270: Waste, parings and scrap of plastics')];treatment of waste polyurethane, open burning;-0.00417186912852553;kilogram;waste polyurethane;0.0;technosphere;GLO;ecoinvent_cutoff_3.9_remind_SSP2-PkBudg500_2090
9ed43df6d4442262492c0aa124f315a0;market for waste polyvinylchloride;BG;waste polyvinylchloride;;[('ISIC rev.4 ecoinvent', '3821:Treatment and disposal of non-hazardous waste'), ('CPC', '39270: Waste, parings and scrap of plastics')];treatment of waste polyvinylchloride, open burning;-0.0275938418728608;kilogram;waste polyvinylchloride;0.0;technosphere;GLO;ecoinvent_cutoff_3.9_remind_SSP2-PkBudg500_2090
9ee97f2be1675d09573bccf4a0f7b788;market for waste polypropylene;ZA;waste polypropylene;;[('ISIC rev.4 ecoinvent', '3821:Treatment and disposal of non-hazardous waste'), ('CPC', '39270: Waste, parings and scrap of plastics')];treatment of waste polypropylene, open burning;-0.0334239090407301;kilogram;waste polypropylene;0.0;technosphere;GLO;ecoinvent_cutoff_3.9_remind_SSP2-PkBudg500_2090
9f1d39a5dbe06088d1925fc71371ca21;market for waste glass;RoW;waste glass;;"[('ISIC rev.4 ecoinvent', '3821:Treatment and disposal of non-hazardous waste'), ('EcoSpold01Categories', 'waste management/inert material landfill'), ('CPC', '37111: Glass in the mass, in balls (except microspheres), rods or tubes, unworked; waste and scrap of glass')]";treatment of waste glass, open burning;-0.0794462428184695;kilogram;waste glass;0.0;technosphere;GLO;ecoinvent_cutoff_3.9_remind_SSP2-PkBudg500_2090
9fe1de07a231230b10e5bc8d6d674652;market for waste polyethylene terephthalate;BE;waste polyethylene terephthalate;;[('ISIC rev.4 ecoinvent', '3821:Treatment and disposal of non-hazardous waste'), ('CPC', '39270: Waste, parings and scrap of plastics')];treatment of waste polyethylene terephthalate, open burning;-0.000182090137116258;kilogram;waste polyethylene terephthalate;0.0;technosphere;GLO;ecoinvent_cutoff_3.9_remind_SSP2-PkBudg500_2090
a03a9ffb9e489812a08a1cabcd763f0d;market for waste wood, untreated;LU;waste wood, untreated;;[('ISIC rev.4 ecoinvent', '3821:Treatment and disposal of non-hazardous waste'), ('CPC', '3928: Sawdust and wood waste and scrap')];treatment of waste wood, untreated, open burning;-0.00260975115734594;kilogram;waste wood, untreated;0.0;technosphere;GLO;ecoinvent_cutoff_3.9_remind_SSP2-PkBudg500_2090
a049692970de6e1e76e6625fbb9270b9;market for waste polypropylene;CY;waste polypropylene;;[('ISIC rev.4 ecoinvent', '3821:Treatment and disposal of non-hazardous waste'), ('CPC', '39270: Waste, parings and scrap of plastics')];treatment of waste polypropylene, open burning;-0.0135770927668737;kilogram;waste polypropylene;0.0;technosphere;GLO;ecoinvent_cutoff_3.9_remind_SSP2-PkBudg500_2090
a14ef7bb0d721c763b8a7fc2450d09b2;market for waste polystyrene;HU;waste polystyrene;;[('ISIC rev.4 ecoinvent', '3821:Treatment and disposal of non-hazardous waste'), ('CPC', '39270: Waste, parings and scrap of plastics')];treatment of waste polystyrene, open burning;-0.0216911062443454;kilogram;waste polystyrene;0.0;technosphere;GLO;ecoinvent_cutoff_3.9_remind_SSP2-PkBudg500_2090
a1ebe42b4d2c63a874b4c316729f58e5;market for waste polystyrene;RoW;waste polystyrene;;[('EcoSpold01Categories', 'waste management/municipal incineration'), ('ISIC rev.4 ecoinvent', '3821:Treatment and disposal of non-hazardous waste'), ('CPC', '39270: Waste, parings and scrap of plastics')];treatment of waste polystyrene, open burning;-0.0974434868744582;kilogram;waste polystyrene;0.0;technosphere;GLO;ecoinvent_cutoff_3.9_remind_SSP2-PkBudg500_2090
a1f47f5509ed3c9ef857ea06cc9e461a;market for waste polyethylene;AL;waste polyethylene;;[('ISIC rev.4 ecoinvent', '3821:Treatment and disposal of non-hazardous waste'), ('CPC', '39270: Waste, parings and scrap of plastics')];treatment of waste polyethylene, open burning;-0.0589997881455436;kilogram;waste polyethylene;0.0;technosphere;GLO;ecoinvent_cutoff_3.9_remind_SSP2-PkBudg500_2090
a20aae6b055f8e6478b3da4434a5762a;market for waste polyurethane;CZ;waste polyurethane;;[('ISIC rev.4 ecoinvent', '3821:Treatment and disposal of non-hazardous waste'), ('CPC', '39270: Waste, parings and scrap of plastics')];treatment of waste polyurethane, open burning;-0.0122605420657861;kilogram;waste polyurethane;0.0;technosphere;GLO;ecoinvent_cutoff_3.9_remind_SSP2-PkBudg500_2090
a24067c682091e840a9226075cc36ab8;market for waste plastic, mixture;GR;waste plastic, mixture;;[('ISIC rev.4 ecoinvent', '3821:Treatment and disposal of non-hazardous waste'), ('CPC', '39270: Waste, parings and scrap of plastics')];treatment of waste plastic, mixture, open burning;-0.015265724881001;kilogram;waste plastic, mixture;0.0;technosphere;GLO;ecoinvent_cutoff_3.9_remind_SSP2-PkBudg500_2090
a25c647f3087c1823b637019f6677dc8;market for municipal solid waste;ES;municipal solid waste;;[('ISIC rev.4 ecoinvent', '3821:Treatment and disposal of non-hazardous waste'), ('CPC', '39910: Municipal waste')];treatment of municipal solid waste, open burning;-0.0104398;kilogram;municipal solid waste;0.0;technosphere;GLO;ecoinvent_cutoff_3.9_remind_SSP2-PkBudg500_2090
a25f394779e7943a76dea1acd014bd04;market for waste polystyrene;BE;waste polystyrene;;[('ISIC rev.4 ecoinvent', '3821:Treatment and disposal of non-hazardous waste'), ('CPC', '39270: Waste, parings and scrap of plastics')];treatment of waste polystyrene, open burning;-0.000182090137116258;kilogram;waste polystyrene;0.0;technosphere;GLO;ecoinvent_cutoff_3.9_remind_SSP2-PkBudg500_2090
a26f5fe169bba22662dfd332371eb782;market for waste plastic, mixture;HR;waste plastic, mixture;;[('ISIC rev.4 ecoinvent', '3821:Treatment and disposal of non-hazardous waste'), ('CPC', '39270: Waste, parings and scrap of plastics')];treatment of waste plastic, mixture, open burning;-0.0205469906849226;kilogram;waste plastic, mixture;0.0;technosphere;GLO;ecoinvent_cutoff_3.9_remind_SSP2-PkBudg500_2090
a29aac5b338418869023e8b12433605f;market for waste polystyrene;MT;waste polystyrene;;[('ISIC rev.4 ecoinvent', '3821:Treatment and disposal of non-hazardous waste'), ('CPC', '39270: Waste, parings and scrap of plastics')];treatment of waste polystyrene, open burning;-0.0150317896138671;kilogram;waste polystyrene;0.0;technosphere;GLO;ecoinvent_cutoff_3.9_remind_SSP2-PkBudg500_2090
a2dfa33f864bbd19ab459939dfe388ca;market for waste polystyrene;SK;waste polystyrene;;[('ISIC rev.4 ecoinvent', '3821:Treatment and disposal of non-hazardous waste'), ('CPC', '39270: Waste, parings and scrap of plastics')];treatment of waste polystyrene, open burning;-0.0143533996706812;kilogram;waste polystyrene;0.0;technosphere;GLO;ecoinvent_cutoff_3.9_remind_SSP2-PkBudg500_2090
a34c1f9a090a281cf328fb344a7bcd84;market for waste plastic, mixture;SI;waste plastic, mixture;;[('ISIC rev.4 ecoinvent', '3821:Treatment and disposal of non-hazardous waste'), ('CPC', '39270: Waste, parings and scrap of plastics')];treatment of waste plastic, mixture, open burning;-0.00966043946660359;kilogram;waste plastic, mixture;0.0;technosphere;GLO;ecoinvent_cutoff_3.9_remind_SSP2-PkBudg500_2090
a3fd34cee0e57d8a1fd2df3f4373ff68;market for waste graphical paper;PT;waste graphical paper;;[('ISIC rev.4 ecoinvent', '3821:Treatment and disposal of non-hazardous waste'), ('CPC', '39990: Other wastes n.e.c.')];treatment of waste graphical paper, open burning;-0.0107372908969953;kilogram;waste graphical paper;0.0;technosphere;GLO;ecoinvent_cutoff_3.9_remind_SSP2-PkBudg500_2090
a48aae82b9457984639a68a2bcfe01fc;market for waste polyurethane;NO;waste polyurethane;;[('ISIC rev.4 ecoinvent', '3821:Treatment and disposal of non-hazardous waste'), ('CPC', '39270: Waste, parings and scrap of plastics')];treatment of waste polyurethane, open burning;-0.000986035967648575;kilogram;waste polyurethane;0.0;technosphere;GLO;ecoinvent_cutoff_3.9_remind_SSP2-PkBudg500_2090
a4946e3e04709345665fa738435b8694;market for municipal solid waste;BA;municipal solid waste;;[('ISIC rev.4 ecoinvent', '3821:Treatment and disposal of non-hazardous waste'), ('CPC', '39910: Municipal waste')];treatment of municipal solid waste, open burning;-0.0871242;kilogram;municipal solid waste;0.0;technosphere;GLO;ecoinvent_cutoff_3.9_remind_SSP2-PkBudg500_2090
a5067e951406c8d4f62f3a0950f75b39;market for waste graphical paper;DE;waste graphical paper;;[('ISIC rev.4 ecoinvent', '3821:Treatment and disposal of non-hazardous waste'), ('CPC', '39990: Other wastes n.e.c.')];treatment of waste graphical paper, open burning;-6.36128446588608e-05;kilogram;waste graphical paper;0.0;technosphere;GLO;ecoinvent_cutoff_3.9_remind_SSP2-PkBudg500_2090
a544727eb23b817703194ee7fbae3e53;market for waste polyvinylchloride;LT;waste polyvinylchloride;;[('ISIC rev.4 ecoinvent', '3821:Treatment and disposal of non-hazardous waste'), ('CPC', '39270: Waste, parings and scrap of plastics')];treatment of waste polyvinylchloride, open burning;-0.0203629272318968;kilogram;waste polyvinylchloride;0.0;technosphere;GLO;ecoinvent_cutoff_3.9_remind_SSP2-PkBudg500_2090
a7f311e120fb220d66ad603a016ab065;market for waste graphical paper;NL;waste graphical paper;;[('ISIC rev.4 ecoinvent', '3821:Treatment and disposal of non-hazardous waste'), ('CPC', '39990: Other wastes n.e.c.')];treatment of waste graphical paper, open burning;-0.000301606625741877;kilogram;waste graphical paper;0.0;technosphere;GLO;ecoinvent_cutoff_3.9_remind_SSP2-PkBudg500_2090
a7f84b83f217a7704a504cc831cfd676;market for waste paperboard;AL;waste paperboard;;[('ISIC rev.4 ecoinvent', '3821:Treatment and disposal of non-hazardous waste'), ('CPC', '39240: Waste and scrap of paper or paperboard')];treatment of waste paperboard, open burning;-0.0589997881455436;kilogram;waste paperboard;0.0;technosphere;GLO;ecoinvent_cutoff_3.9_remind_SSP2-PkBudg500_2090
a7ff31d09a7df9d12f31f637c9ab9e68;market for waste polyethylene;RS;waste polyethylene;;[('ISIC rev.4 ecoinvent', '3821:Treatment and disposal of non-hazardous waste'), ('CPC', '39270: Waste, parings and scrap of plastics')];treatment of waste polyethylene, open burning;-0.0897695128049834;kilogram;waste polyethylene;0.0;technosphere;GLO;ecoinvent_cutoff_3.9_remind_SSP2-PkBudg500_2090
a8c77e46b2a6d850a0e18925b0629d0c;market for waste paperboard;IT;waste paperboard;;[('ISIC rev.4 ecoinvent', '3821:Treatment and disposal of non-hazardous waste'), ('CPC', '39240: Waste and scrap of paper or paperboard')];treatment of waste paperboard, open burning;-0.00674378845855387;kilogram;waste paperboard;0.0;technosphere;GLO;ecoinvent_cutoff_3.9_remind_SSP2-PkBudg500_2090
a8d353a6d0138951953406cdd1c62469;market for municipal solid waste;SE;municipal solid waste;;[('ISIC rev.4 ecoinvent', '3821:Treatment and disposal of non-hazardous waste'), ('CPC', '39910: Municipal waste')];treatment of municipal solid waste, open burning;-0.000111927;kilogram;municipal solid waste;0.0;technosphere;GLO;ecoinvent_cutoff_3.9_remind_SSP2-PkBudg500_2090
a905aee20494d37e32629aeca8b61d57;market for municipal solid waste;CZ;municipal solid waste;;[('ISIC rev.4 ecoinvent', '3821:Treatment and disposal of non-hazardous waste'), ('CPC', '39910: Municipal waste')];treatment of municipal solid waste, open burning;-0.0122605;kilogram;municipal solid waste;0.0;technosphere;GLO;ecoinvent_cutoff_3.9_remind_SSP2-PkBudg500_2090
a9227ed73fc0574349063a7b79922abb;market for waste polypropylene;BA;waste polypropylene;;[('ISIC rev.4 ecoinvent', '3821:Treatment and disposal of non-hazardous waste'), ('CPC', '39270: Waste, parings and scrap of plastics')];treatment of waste polypropylene, open burning;-0.0871242405735605;kilogram;waste polypropylene;0.0;technosphere;GLO;ecoinvent_cutoff_3.9_remind_SSP2-PkBudg500_2090
a9594f2b91c026495d225a01e37be742;market for waste polyethylene;MK;waste polyethylene;;[('ISIC rev.4 ecoinvent', '3821:Treatment and disposal of non-hazardous waste'), ('CPC', '39270: Waste, parings and scrap of plastics')];treatment of waste polyethylene, open burning;-0.0860011568767784;kilogram;waste polyethylene;0.0;technosphere;GLO;ecoinvent_cutoff_3.9_remind_SSP2-PkBudg500_2090
a9ab822b70af8b2bb827d4650d6dab49;market for waste graphical paper;AT;waste graphical paper;;[('ISIC rev.4 ecoinvent', '3821:Treatment and disposal of non-hazardous waste'), ('CPC', '39990: Other wastes n.e.c.')];treatment of waste graphical paper, open burning;-0.000668777328610643;kilogram;waste graphical paper;0.0;technosphere;GLO;ecoinvent_cutoff_3.9_remind_SSP2-PkBudg500_2090
a9f41d793c2a15fb14176739e030249f;market for waste graphical paper;FR;waste graphical paper;;[('ISIC rev.4 ecoinvent', '3821:Treatment and disposal of non-hazardous waste'), ('CPC', '39990: Other wastes n.e.c.')];treatment of waste graphical paper, open burning;-0.00417186912852553;kilogram;waste graphical paper;0.0;technosphere;GLO;ecoinvent_cutoff_3.9_remind_SSP2-PkBudg500_2090
aa1d91da26269ae5c0c15e68ebb71657;market for waste plastic, mixture;LT;waste plastic, mixture;;[('ISIC rev.4 ecoinvent', '3821:Treatment and disposal of non-hazardous waste'), ('CPC', '39270: Waste, parings and scrap of plastics')];treatment of waste plastic, mixture, open burning;-0.0203629272318968;kilogram;waste plastic, mixture;0.0;technosphere;GLO;ecoinvent_cutoff_3.9_remind_SSP2-PkBudg500_2090
aa7f269429bdbfd18d112d4926edb805;market for waste plastic, mixture;MT;waste plastic, mixture;;[('ISIC rev.4 ecoinvent', '3821:Treatment and disposal of non-hazardous waste'), ('CPC', '39270: Waste, parings and scrap of plastics')];treatment of waste plastic, mixture, open burning;-0.0150317896138671;kilogram;waste plastic, mixture;0.0;technosphere;GLO;ecoinvent_cutoff_3.9_remind_SSP2-PkBudg500_2090
aaff02199b675f9f21d2f546f50e173d;market for waste polyurethane;NL;waste polyurethane;;[('ISIC rev.4 ecoinvent', '3821:Treatment and disposal of non-hazardous waste'), ('CPC', '39270: Waste, parings and scrap of plastics')];treatment of waste polyurethane, open burning;-0.000301606625741877;kilogram;waste polyurethane;0.0;technosphere;GLO;ecoinvent_cutoff_3.9_remind_SSP2-PkBudg500_2090
aca0a570f755ef6ffacde431944014f6;market for waste polyvinylchloride;LV;waste polyvinylchloride;;[('ISIC rev.4 ecoinvent', '3821:Treatment and disposal of non-hazardous waste'), ('CPC', '39270: Waste, parings and scrap of plastics')];treatment of waste polyvinylchloride, open burning;-0.0330013176794512;kilogram;waste polyvinylchloride;0.0;technosphere;GLO;ecoinvent_cutoff_3.9_remind_SSP2-PkBudg500_2090
aca13998a247f421e26ef47efedf08b3;market for waste graphical paper;LT;waste graphical paper;;[('ISIC rev.4 ecoinvent', '3821:Treatment and disposal of non-hazardous waste'), ('CPC', '39990: Other wastes n.e.c.')];treatment of waste graphical paper, open burning;-0.0203629272318968;kilogram;waste graphical paper;0.0;technosphere;GLO;ecoinvent_cutoff_3.9_remind_SSP2-PkBudg500_2090
acc105a9580b8185ce953392823dfcc3;market for waste polyvinylchloride;AL;waste polyvinylchloride;;[('ISIC rev.4 ecoinvent', '3821:Treatment and disposal of non-hazardous waste'), ('CPC', '39270: Waste, parings and scrap of plastics')];treatment of waste polyvinylchloride, open burning;-0.0589997881455436;kilogram;waste polyvinylchloride;0.0;technosphere;GLO;ecoinvent_cutoff_3.9_remind_SSP2-PkBudg500_2090
ace51470ecacd3af4f19a07c71dd2051;market for waste glass;MK;waste glass;;"[('ISIC rev.4 ecoinvent', '3821:Treatment and disposal of non-hazardous waste'), ('CPC', '37111: Glass in the mass, in balls (except microspheres), rods or tubes, unworked; waste and scrap of glass')]";treatment of waste glass, open burning;-0.0860011568767784;kilogram;waste glass;0.0;technosphere;GLO;ecoinvent_cutoff_3.9_remind_SSP2-PkBudg500_2090
ad7f79dc19aaabfe0050f947c14e52e6;market for waste plastic, mixture;FI;waste plastic, mixture;;[('ISIC rev.4 ecoinvent', '3821:Treatment and disposal of non-hazardous waste'), ('CPC', '39270: Waste, parings and scrap of plastics')];treatment of waste plastic, mixture, open burning;-0.000565773149803462;kilogram;waste plastic, mixture;0.0;technosphere;GLO;ecoinvent_cutoff_3.9_remind_SSP2-PkBudg500_2090
add5fca1a89078b9715738c0214eba44;market for waste polyethylene terephthalate;MT;waste polyethylene terephthalate;;[('ISIC rev.4 ecoinvent', '3821:Treatment and disposal of non-hazardous waste'), ('CPC', '39270: Waste, parings and scrap of plastics')];treatment of waste polyethylene terephthalate, open burning;-0.0150317896138671;kilogram;waste polyethylene terephthalate;0.0;technosphere;GLO;ecoinvent_cutoff_3.9_remind_SSP2-PkBudg500_2090
ae670afc889d0d64b8fc64cf6d42e6e5;market for waste plastic, mixture;AT;waste plastic, mixture;;[('ISIC rev.4 ecoinvent', '3821:Treatment and disposal of non-hazardous waste'), ('CPC', '39270: Waste, parings and scrap of plastics')];treatment of waste plastic, mixture, open burning;-0.000668777328610643;kilogram;waste plastic, mixture;0.0;technosphere;GLO;ecoinvent_cutoff_3.9_remind_SSP2-PkBudg500_2090
aeb039592dbec31fe1a1aef5e2283770;market for waste polyvinylchloride;BR;waste polyvinylchloride;;[('ISIC rev.4 ecoinvent', '3821:Treatment and disposal of non-hazardous waste'), ('CPC', '39270: Waste, parings and scrap of plastics')];treatment of waste polyvinylchloride, open burning;-0.0291927726473145;kilogram;waste polyvinylchloride;0.0;technosphere;GLO;ecoinvent_cutoff_3.9_remind_SSP2-PkBudg500_2090
af62911b6f8b7b7f859d1116ade204a1;market for municipal solid waste;LT;municipal solid waste;;[('ISIC rev.4 ecoinvent', '3821:Treatment and disposal of non-hazardous waste'), ('CPC', '39910: Municipal waste')];treatment of municipal solid waste, open burning;-0.0203629;kilogram;municipal solid waste;0.0;technosphere;GLO;ecoinvent_cutoff_3.9_remind_SSP2-PkBudg500_2090
afb04c7c7b7a60753296da98b684ea10;treatment of waste polyethylene terephthalate, open burning;GLO;waste polyethylene terephthalate;;[('ISIC rev.4 ecoinvent', '3821:Treatment and disposal of non-hazardous waste'), ('CPC', '39270: Waste, parings and scrap of plastics')];treatment of waste polyethylene terephthalate, open burning;-1.0;kilogram;waste polyethylene terephthalate;1.0;production;GLO;ecoinvent_cutoff_3.9_remind_SSP2-PkBudg500_2090
afb49774802e81712a4b702340175009;market for waste polyethylene;FI;waste polyethylene;;[('ISIC rev.4 ecoinvent', '3821:Treatment and disposal of non-hazardous waste'), ('CPC', '39270: Waste, parings and scrap of plastics')];treatment of waste polyethylene, open burning;-0.000565773149803462;kilogram;waste polyethylene;0.0;technosphere;GLO;ecoinvent_cutoff_3.9_remind_SSP2-PkBudg500_2090
afce26f0e5ce8e10103b53c5aa445c65;market for waste paperboard;LT;waste paperboard;;[('ISIC rev.4 ecoinvent', '3821:Treatment and disposal of non-hazardous waste'), ('CPC', '39240: Waste and scrap of paper or paperboard')];treatment of waste paperboard, open burning;-0.0203629272318968;kilogram;waste paperboard;0.0;technosphere;GLO;ecoinvent_cutoff_3.9_remind_SSP2-PkBudg500_2090
b01c779464a5db2c944bd460a0078775;market for waste polypropylene;ES;waste polypropylene;;[('ISIC rev.4 ecoinvent', '3821:Treatment and disposal of non-hazardous waste'), ('CPC', '39270: Waste, parings and scrap of plastics')];treatment of waste polypropylene, open burning;-0.0104397907139771;kilogram;waste polypropylene;0.0;technosphere;GLO;ecoinvent_cutoff_3.9_remind_SSP2-PkBudg500_2090
b067691e9cbe44e5661256df22e04ae0;treatment of waste polyvinylchloride, open burning;GLO;waste polyvinylchloride;;[('ISIC rev.4 ecoinvent', '3821:Treatment and disposal of non-hazardous waste'), ('CPC', '39270: Waste, parings and scrap of plastics')];treatment of waste polyvinylchloride, open burning;-1.0;kilogram;waste polyvinylchloride;1.0;production;GLO;ecoinvent_cutoff_3.9_remind_SSP2-PkBudg500_2090
b0913a31b3e56b63714166e2b07868b9;market for waste plastic, mixture;GB;waste plastic, mixture;;[('ISIC rev.4 ecoinvent', '3821:Treatment and disposal of non-hazardous waste'), ('CPC', '39270: Waste, parings and scrap of plastics')];treatment of waste plastic, mixture, open burning;-0.00369092313422926;kilogram;waste plastic, mixture;0.0;technosphere;GLO;ecoinvent_cutoff_3.9_remind_SSP2-PkBudg500_2090
b0e0ab561e3fcb2f0479e2a242e06725;market for waste wood, untreated;DE;waste wood, untreated;;[('ISIC rev.4 ecoinvent', '3821:Treatment and disposal of non-hazardous waste'), ('CPC', '3928: Sawdust and wood waste and scrap')];treatment of waste wood, untreated, open burning;-6.36128446588608e-05;kilogram;waste wood, untreated;0.0;technosphere;GLO;ecoinvent_cutoff_3.9_remind_SSP2-PkBudg500_2090
b2a0162057c8f0526abaa81d1966695c;market for municipal solid waste;EE;municipal solid waste;;[('ISIC rev.4 ecoinvent', '3821:Treatment and disposal of non-hazardous waste'), ('CPC', '39910: Municipal waste')];treatment of municipal solid waste, open burning;-0.0278904;kilogram;municipal solid waste;0.0;technosphere;GLO;ecoinvent_cutoff_3.9_remind_SSP2-PkBudg500_2090
b2c95c31cba4a9a63f34757a760bb6c7;market for waste graphical paper;BA;waste graphical paper;;[('ISIC rev.4 ecoinvent', '3821:Treatment and disposal of non-hazardous waste'), ('CPC', '39990: Other wastes n.e.c.')];treatment of waste graphical paper, open burning;-0.0871242405735605;kilogram;waste graphical paper;0.0;technosphere;GLO;ecoinvent_cutoff_3.9_remind_SSP2-PkBudg500_2090
b2e39718fdf52ddc28fdd35aa778111e;market for waste graphical paper;CY;waste graphical paper;;[('ISIC rev.4 ecoinvent', '3821:Treatment and disposal of non-hazardous waste'), ('CPC', '39990: Other wastes n.e.c.')];treatment of waste graphical paper, open burning;-0.0135770927668737;kilogram;waste graphical paper;0.0;technosphere;GLO;ecoinvent_cutoff_3.9_remind_SSP2-PkBudg500_2090
b37aafe2a04da31f6f59a27cb8bb90ca;market for waste plastic, mixture;RS;waste plastic, mixture;;[('ISIC rev.4 ecoinvent', '3821:Treatment and disposal of non-hazardous waste'), ('CPC', '39270: Waste, parings and scrap of plastics')];treatment of waste plastic, mixture, open burning;-0.0897695128049834;kilogram;waste plastic, mixture;0.0;technosphere;GLO;ecoinvent_cutoff_3.9_remind_SSP2-PkBudg500_2090
b567ffab518f607d4419e45a7f65f5fb;market for waste graphical paper;HR;waste graphical paper;;[('ISIC rev.4 ecoinvent', '3821:Treatment and disposal of non-hazardous waste'), ('CPC', '39990: Other wastes n.e.c.')];treatment of waste graphical paper, open burning;-0.0205469906849226;kilogram;waste graphical paper;0.0;technosphere;GLO;ecoinvent_cutoff_3.9_remind_SSP2-PkBudg500_2090
b5f1b39138801be901dc64c32d3fb47a;market for waste wood, untreated;IT;waste wood, untreated;;[('ISIC rev.4 ecoinvent', '3821:Treatment and disposal of non-hazardous waste'), ('CPC', '3928: Sawdust and wood waste and scrap')];treatment of waste wood, untreated, open burning;-0.00674378845855387;kilogram;waste wood, untreated;0.0;technosphere;GLO;ecoinvent_cutoff_3.9_remind_SSP2-PkBudg500_2090
b66710ee0d6921b2d27c28eaf159bfce;market for waste polystyrene;PL;waste polystyrene;;[('ISIC rev.4 ecoinvent', '3821:Treatment and disposal of non-hazardous waste'), ('CPC', '39270: Waste, parings and scrap of plastics')];treatment of waste polystyrene, open burning;-0.0409099500836998;kilogram;waste polystyrene;0.0;technosphere;GLO;ecoinvent_cutoff_3.9_remind_SSP2-PkBudg500_2090
b76a4ce796c5917b249e872ff77acc11;market for waste polyethylene;IS;waste polyethylene;;[('ISIC rev.4 ecoinvent', '3821:Treatment and disposal of non-hazardous waste'), ('CPC', '39270: Waste, parings and scrap of plastics')];treatment of waste polyethylene, open burning;-0.00917395587533919;kilogram;waste polyethylene;0.0;technosphere;GLO;ecoinvent_cutoff_3.9_remind_SSP2-PkBudg500_2090
b7b0d595c658b9b732dceded4342f74b;market for waste graphical paper;CH;waste graphical paper;;[('ISIC rev.4 ecoinvent', '3821:Treatment and disposal of non-hazardous waste'), ('CPC', '39990: Other wastes n.e.c.')];treatment of waste graphical paper, open burning;-0.000526841223095166;kilogram;waste graphical paper;0.0;technosphere;GLO;ecoinvent_cutoff_3.9_remind_SSP2-PkBudg500_2090
b7c0b4031bbd1386f5c1e44fe0a968b6;market for waste polyethylene;BR;waste polyethylene;;[('ISIC rev.4 ecoinvent', '3821:Treatment and disposal of non-hazardous waste'), ('CPC', '39270: Waste, parings and scrap of plastics')];treatment of waste polyethylene, open burning;-0.0291927726473145;kilogram;waste polyethylene;0.0;technosphere;GLO;ecoinvent_cutoff_3.9_remind_SSP2-PkBudg500_2090
b7d2523bb54e16b2847afc6e0f95fd61;market for waste wood, untreated;PE;waste wood, untreated;;[('ISIC rev.4 ecoinvent', '3821:Treatment and disposal of non-hazardous waste'), ('CPC', '3928: Sawdust and wood waste and scrap')];treatment of waste wood, untreated, open burning;-0.0624725160068898;kilogram;waste wood, untreated;0.0;technosphere;GLO;ecoinvent_cutoff_3.9_remind_SSP2-PkBudg500_2090
b83fb7d7dc2848952bd4927c249bfd8b;market for waste polyurethane;IE;waste polyurethane;;[('ISIC rev.4 ecoinvent', '3821:Treatment and disposal of non-hazardous waste'), ('CPC', '39270: Waste, parings and scrap of plastics')];treatment of waste polyurethane, open burning;-0.0264593941066286;kilogram;waste polyurethane;0.0;technosphere;GLO;ecoinvent_cutoff_3.9_remind_SSP2-PkBudg500_2090
b8b15abfc89fb22f7c7a9b65318206f7;market for waste polyethylene terephthalate;HR;waste polyethylene terephthalate;;[('ISIC rev.4 ecoinvent', '3821:Treatment and disposal of non-hazardous waste'), ('CPC', '39270: Waste, parings and scrap of plastics')];treatment of waste polyethylene terephthalate, open burning;-0.0205469906849226;kilogram;waste polyethylene terephthalate;0.0;technosphere;GLO;ecoinvent_cutoff_3.9_remind_SSP2-PkBudg500_2090
b9508f655ac21f771c9001960129c5b3;market for waste glass;CH;waste glass;;"[('ISIC rev.4 ecoinvent', '3821:Treatment and disposal of non-hazardous waste'), ('CPC', '37111: Glass in the mass, in balls (except microspheres), rods or tubes, unworked; waste and scrap of glass')]";treatment of waste glass, open burning;-0.000526841223095166;kilogram;waste glass;0.0;technosphere;GLO;ecoinvent_cutoff_3.9_remind_SSP2-PkBudg500_2090
ba189eeb9a170ed86fc29bbb318baf13;market for waste polyvinylchloride;BA;waste polyvinylchloride;;[('ISIC rev.4 ecoinvent', '3821:Treatment and disposal of non-hazardous waste'), ('CPC', '39270: Waste, parings and scrap of plastics')];treatment of waste polyvinylchloride, open burning;-0.0871242405735605;kilogram;waste polyvinylchloride;0.0;technosphere;GLO;ecoinvent_cutoff_3.9_remind_SSP2-PkBudg500_2090
ba38f81ec4732020768e81ad4767b0ad;market for waste polyethylene;IN;waste polyethylene;;[('ISIC rev.4 ecoinvent', '3821:Treatment and disposal of non-hazardous waste'), ('CPC', '39270: Waste, parings and scrap of plastics')];treatment of waste polyethylene, open burning;-0.284307580310206;kilogram;waste polyethylene;0.0;technosphere;GLO;ecoinvent_cutoff_3.9_remind_SSP2-PkBudg500_2090
ba3dc2721a06701f2e7ef0879db654bd;market for waste polyvinylchloride;RO;waste polyvinylchloride;;[('ISIC rev.4 ecoinvent', '3821:Treatment and disposal of non-hazardous waste'), ('CPC', '39270: Waste, parings and scrap of plastics')];treatment of waste polyvinylchloride, open burning;-0.113764292129076;kilogram;waste polyvinylchloride;0.0;technosphere;GLO;ecoinvent_cutoff_3.9_remind_SSP2-PkBudg500_2090
ba6d37cef4b9cfde871c102a1b6d9c1b;market for waste polyethylene terephthalate;SK;waste polyethylene terephthalate;;[('ISIC rev.4 ecoinvent', '3821:Treatment and disposal of non-hazardous waste'), ('CPC', '39270: Waste, parings and scrap of plastics')];treatment of waste polyethylene terephthalate, open burning;-0.0143533996706812;kilogram;waste polyethylene terephthalate;0.0;technosphere;GLO;ecoinvent_cutoff_3.9_remind_SSP2-PkBudg500_2090
bbc234df7f00f0a8a29b0b63936c2983;market for waste polypropylene;RS;waste polypropylene;;[('ISIC rev.4 ecoinvent', '3821:Treatment and disposal of non-hazardous waste'), ('CPC', '39270: Waste, parings and scrap of plastics')];treatment of waste polypropylene, open burning;-0.0897695128049834;kilogram;waste polypropylene;0.0;technosphere;GLO;ecoinvent_cutoff_3.9_remind_SSP2-PkBudg500_2090
bbcfa23cf4e00601e0690577cd8ea9d7;market for waste plastic, mixture;HU;waste plastic, mixture;;[('ISIC rev.4 ecoinvent', '3821:Treatment and disposal of non-hazardous waste'), ('CPC', '39270: Waste, parings and scrap of plastics')];treatment of waste plastic, mixture, open burning;-0.0216911062443454;kilogram;waste plastic, mixture;0.0;technosphere;GLO;ecoinvent_cutoff_3.9_remind_SSP2-PkBudg500_2090
bbf1c873e4c6000afaeefaed5b87d0f7;market for waste glass;RS;waste glass;;"[('ISIC rev.4 ecoinvent', '3821:Treatment and disposal of non-hazardous waste'), ('CPC', '37111: Glass in the mass, in balls (except microspheres), rods or tubes, unworked; waste and scrap of glass')]";treatment of waste glass, open burning;-0.0897695128049834;kilogram;waste glass;0.0;technosphere;GLO;ecoinvent_cutoff_3.9_remind_SSP2-PkBudg500_2090
bbf6a23e9f4cf70375bce5bae472f940;market for waste polystyrene;GB;waste polystyrene;;[('ISIC rev.4 ecoinvent', '3821:Treatment and disposal of non-hazardous waste'), ('CPC', '39270: Waste, parings and scrap of plastics')];treatment of waste polystyrene, open burning;-0.00369092313422926;kilogram;waste polystyrene;0.0;technosphere;GLO;ecoinvent_cutoff_3.9_remind_SSP2-PkBudg500_2090
bc3681412edbe18e16dc4353e5b6edbe;market for waste polyvinylchloride;ES;waste polyvinylchloride;;[('ISIC rev.4 ecoinvent', '3821:Treatment and disposal of non-hazardous waste'), ('CPC', '39270: Waste, parings and scrap of plastics')];treatment of waste polyvinylchloride, open burning;-0.0104397907139771;kilogram;waste polyvinylchloride;0.0;technosphere;GLO;ecoinvent_cutoff_3.9_remind_SSP2-PkBudg500_2090
bcdab6813831673d8f2b88201edfabed;market for waste polyethylene;ME;waste polyethylene;;[('ISIC rev.4 ecoinvent', '3821:Treatment and disposal of non-hazardous waste'), ('CPC', '39270: Waste, parings and scrap of plastics')];treatment of waste polyethylene, open burning;-0.0634286239725263;kilogram;waste polyethylene;0.0;technosphere;GLO;ecoinvent_cutoff_3.9_remind_SSP2-PkBudg500_2090
be0acba158d29dc958cc98b889eb27aa;market for waste polyvinylchloride;HR;waste polyvinylchloride;;[('ISIC rev.4 ecoinvent', '3821:Treatment and disposal of non-hazardous waste'), ('CPC', '39270: Waste, parings and scrap of plastics')];treatment of waste polyvinylchloride, open burning;-0.0205469906849226;kilogram;waste polyvinylchloride;0.0;technosphere;GLO;ecoinvent_cutoff_3.9_remind_SSP2-PkBudg500_2090
be45d5f042914ff0e46b48ae860892a4;market for waste plastic, mixture;BG;waste plastic, mixture;;[('ISIC rev.4 ecoinvent', '3821:Treatment and disposal of non-hazardous waste'), ('CPC', '39270: Waste, parings and scrap of plastics')];treatment of waste plastic, mixture, open burning;-0.0275938418728608;kilogram;waste plastic, mixture;0.0;technosphere;GLO;ecoinvent_cutoff_3.9_remind_SSP2-PkBudg500_2090
bf46fa59ad9c22bec2fb9d3fa0e8f2dc;market for waste wood, untreated;GB;waste wood, untreated;;[('ISIC rev.4 ecoinvent', '3821:Treatment and disposal of non-hazardous waste'), ('CPC', '3928: Sawdust and wood waste and scrap')];treatment of waste wood, untreated, open burning;-0.00369092313422926;kilogram;waste wood, untreated;0.0;technosphere;GLO;ecoinvent_cutoff_3.9_remind_SSP2-PkBudg500_2090
bfc5e4a601ed0a2517f26802cde740c8;market for waste wood, untreated;CO;waste wood, untreated;;[('ISIC rev.4 ecoinvent', '3821:Treatment and disposal of non-hazardous waste'), ('CPC', '3928: Sawdust and wood waste and scrap')];treatment of waste wood, untreated, open burning;-0.0487658869735807;kilogram;waste wood, untreated;0.0;technosphere;GLO;ecoinvent_cutoff_3.9_remind_SSP2-PkBudg500_2090
c13d1afd2bacf0bab03e6e980e4ae42b;market for waste polypropylene;GR;waste polypropylene;;[('ISIC rev.4 ecoinvent', '3821:Treatment and disposal of non-hazardous waste'), ('CPC', '39270: Waste, parings and scrap of plastics')];treatment of waste polypropylene, open burning;-0.015265724881001;kilogram;waste polypropylene;0.0;technosphere;GLO;ecoinvent_cutoff_3.9_remind_SSP2-PkBudg500_2090
c156a7876538483bea13171cfef6f1d9;market for waste polypropylene;FR;waste polypropylene;;[('ISIC rev.4 ecoinvent', '3821:Treatment and disposal of non-hazardous waste'), ('CPC', '39270: Waste, parings and scrap of plastics')];treatment of waste polypropylene, open burning;-0.00417186912852553;kilogram;waste polypropylene;0.0;technosphere;GLO;ecoinvent_cutoff_3.9_remind_SSP2-PkBudg500_2090
c17632aee277e137c03daf24c9d8a18a;market for waste polyethylene terephthalate;PE;waste polyethylene terephthalate;;[('ISIC rev.4 ecoinvent', '3821:Treatment and disposal of non-hazardous waste'), ('CPC', '39270: Waste, parings and scrap of plastics')];treatment of waste polyethylene terephthalate, open burning;-0.0624725160068898;kilogram;waste polyethylene terephthalate;0.0;technosphere;GLO;ecoinvent_cutoff_3.9_remind_SSP2-PkBudg500_2090
c635696e2d023c772079c92be17e1e8b;market for waste polyethylene;AT;waste polyethylene;;[('ISIC rev.4 ecoinvent', '3821:Treatment and disposal of non-hazardous waste'), ('CPC', '39270: Waste, parings and scrap of plastics')];treatment of waste polyethylene, open burning;-0.000668777328610643;kilogram;waste polyethylene;0.0;technosphere;GLO;ecoinvent_cutoff_3.9_remind_SSP2-PkBudg500_2090
c63c9b7790e9f76c30097454e7802a47;market for waste polyvinylchloride;PT;waste polyvinylchloride;;[('ISIC rev.4 ecoinvent', '3821:Treatment and disposal of non-hazardous waste'), ('CPC', '39270: Waste, parings and scrap of plastics')];treatment of waste polyvinylchloride, open burning;-0.0107372908969953;kilogram;waste polyvinylchloride;0.0;technosphere;GLO;ecoinvent_cutoff_3.9_remind_SSP2-PkBudg500_2090
c6ca93139d95740543d55d391a89abc9;market for waste paperboard;RoW;waste paperboard;;[('EcoSpold01Categories', 'waste management/inert material landfill'), ('ISIC rev.4 ecoinvent', '3821:Treatment and disposal of non-hazardous waste'), ('CPC', '39240: Waste and scrap of paper or paperboard')];treatment of waste paperboard, open burning;-0.0818907401750148;kilogram;waste paperboard;0.0;technosphere;GLO;ecoinvent_cutoff_3.9_remind_SSP2-PkBudg500_2090
c6d1f05d71cdc9e93615eb8c6c55861c;market for waste polystyrene;NO;waste polystyrene;;[('ISIC rev.4 ecoinvent', '3821:Treatment and disposal of non-hazardous waste'), ('CPC', '39270: Waste, parings and scrap of plastics')];treatment of waste polystyrene, open burning;-0.000986035967648575;kilogram;waste polystyrene;0.0;technosphere;GLO;ecoinvent_cutoff_3.9_remind_SSP2-PkBudg500_2090
c74ebd4ec663ce8c96d41fce1745394f;market for waste polyethylene terephthalate;RoW;waste polyethylene terephthalate;;[('EcoSpold01Categories', 'waste management/municipal incineration'), ('ISIC rev.4 ecoinvent', '3821:Treatment and disposal of non-hazardous waste'), ('CPC', '39270: Waste, parings and scrap of plastics')];treatment of waste polyethylene terephthalate, open burning;-0.0974434868744583;kilogram;waste polyethylene terephthalate;0.0;technosphere;GLO;ecoinvent_cutoff_3.9_remind_SSP2-PkBudg500_2090
c79bac7e2db5a73a6366963a1a74360d;market for waste polyethylene terephthalate;DE;waste polyethylene terephthalate;;[('ISIC rev.4 ecoinvent', '3821:Treatment and disposal of non-hazardous waste'), ('CPC', '39270: Waste, parings and scrap of plastics')];treatment of waste polyethylene terephthalate, open burning;-6.36128446588608e-05;kilogram;waste polyethylene terephthalate;0.0;technosphere;GLO;ecoinvent_cutoff_3.9_remind_SSP2-PkBudg500_2090
c7b2e1c9a769063e5acc60c53a7ca07a;market for waste plastic, mixture;EE;waste plastic, mixture;;[('ISIC rev.4 ecoinvent', '3821:Treatment and disposal of non-hazardous waste'), ('CPC', '39270: Waste, parings and scrap of plastics')];treatment of waste plastic, mixture, open burning;-0.0278904162073016;kilogram;waste plastic, mixture;0.0;technosphere;GLO;ecoinvent_cutoff_3.9_remind_SSP2-PkBudg500_2090
c833ab05df0fedf50d6760a4e1a5c976;market for waste polyvinylchloride;IE;waste polyvinylchloride;;[('ISIC rev.4 ecoinvent', '3821:Treatment and disposal of non-hazardous waste'), ('CPC', '39270: Waste, parings and scrap of plastics')];treatment of waste polyvinylchloride, open burning;-0.0264593941066286;kilogram;waste polyvinylchloride;0.0;technosphere;GLO;ecoinvent_cutoff_3.9_remind_SSP2-PkBudg500_2090
c93ac74b7a98f3194674822a72c15b7d;market for waste paperboard;CY;waste paperboard;;[('ISIC rev.4 ecoinvent', '3821:Treatment and disposal of non-hazardous waste'), ('CPC', '39240: Waste and scrap of paper or paperboard')];treatment of waste paperboard, open burning;-0.0135770927668737;kilogram;waste paperboard;0.0;technosphere;GLO;ecoinvent_cutoff_3.9_remind_SSP2-PkBudg500_2090
c964f2ff71e5a22f158a4415129cd40d;market for waste paperboard;IE;waste paperboard;;[('ISIC rev.4 ecoinvent', '3821:Treatment and disposal of non-hazardous waste'), ('CPC', '39240: Waste and scrap of paper or paperboard')];treatment of waste paperboard, open burning;-0.0264593941066286;kilogram;waste paperboard;0.0;technosphere;GLO;ecoinvent_cutoff_3.9_remind_SSP2-PkBudg500_2090
c9a0ae0dbad4a15b39cc1de4541ad23a;market for waste glass;IT;waste glass;;"[('ISIC rev.4 ecoinvent', '3821:Treatment and disposal of non-hazardous waste'), ('CPC', '37111: Glass in the mass, in balls (except microspheres), rods or tubes, unworked; waste and scrap of glass')]";treatment of waste glass, open burning;-0.00674378845855387;kilogram;waste glass;0.0;technosphere;GLO;ecoinvent_cutoff_3.9_remind_SSP2-PkBudg500_2090
ca5436dae60beb4fad1f8ea056697b8a;market for waste polyethylene terephthalate;EE;waste polyethylene terephthalate;;[('ISIC rev.4 ecoinvent', '3821:Treatment and disposal of non-hazardous waste'), ('CPC', '39270: Waste, parings and scrap of plastics')];treatment of waste polyethylene terephthalate, open burning;-0.0278904162073016;kilogram;waste polyethylene terephthalate;0.0;technosphere;GLO;ecoinvent_cutoff_3.9_remind_SSP2-PkBudg500_2090
cae15fa7e644b222574e161fe62fcf65;market for municipal solid waste;FI;municipal solid waste;;[('ISIC rev.4 ecoinvent', '3821:Treatment and disposal of non-hazardous waste'), ('CPC', '39910: Municipal waste')];treatment of municipal solid waste, open burning;-0.000565773;kilogram;municipal solid waste;0.0;technosphere;GLO;ecoinvent_cutoff_3.9_remind_SSP2-PkBudg500_2090
cbfa26c10c842761579e458080baa8ab;market for waste polyethylene terephthalate;ZA;waste polyethylene terephthalate;;[('ISIC rev.4 ecoinvent', '3821:Treatment and disposal of non-hazardous waste'), ('CPC', '39270: Waste, parings and scrap of plastics')];treatment of waste polyethylene terephthalate, open burning;-0.0334239090407301;kilogram;waste polyethylene terephthalate;0.0;technosphere;GLO;ecoinvent_cutoff_3.9_remind_SSP2-PkBudg500_2090
cc0fd211ef60113ec7e4e12c7bae26bd;market for waste polypropylene;PL;waste polypropylene;;[('ISIC rev.4 ecoinvent', '3821:Treatment and disposal of non-hazardous waste'), ('CPC', '39270: Waste, parings and scrap of plastics')];treatment of waste polypropylene, open burning;-0.0409099500836998;kilogram;waste polypropylene;0.0;technosphere;GLO;ecoinvent_cutoff_3.9_remind_SSP2-PkBudg500_2090
cc41d636e0b50331b78cd77232c6f2c9;market for waste plastic, mixture;CO;waste plastic, mixture;;[('ISIC rev.4 ecoinvent', '3821:Treatment and disposal of non-hazardous waste'), ('CPC', '39270: Waste, parings and scrap of plastics')];treatment of waste plastic, mixture, open burning;-0.0487658869735807;kilogram;waste plastic, mixture;0.0;technosphere;GLO;ecoinvent_cutoff_3.9_remind_SSP2-PkBudg500_2090
cc88e18374a56378706fed82cd23704e;market for waste paperboard;BE;waste paperboard;;[('ISIC rev.4 ecoinvent', '3821:Treatment and disposal of non-hazardous waste'), ('CPC', '39240: Waste and scrap of paper or paperboard')];treatment of waste paperboard, open burning;-0.000182090137116258;kilogram;waste paperboard;0.0;technosphere;GLO;ecoinvent_cutoff_3.9_remind_SSP2-PkBudg500_2090
cc8adf43115f623d1e2bb2b90942a03b;market for waste wood, untreated;RS;waste wood, untreated;;[('ISIC rev.4 ecoinvent', '3821:Treatment and disposal of non-hazardous waste'), ('CPC', '3928: Sawdust and wood waste and scrap')];treatment of waste wood, untreated, open burning;-0.0897695128049834;kilogram;waste wood, untreated;0.0;technosphere;GLO;ecoinvent_cutoff_3.9_remind_SSP2-PkBudg500_2090
cce93c2b8acc5653c6ff41d5a29e7819;market for municipal solid waste;MK;municipal solid waste;;[('ISIC rev.4 ecoinvent', '3821:Treatment and disposal of non-hazardous waste'), ('CPC', '39910: Municipal waste')];treatment of municipal solid waste, open burning;-0.0860012;kilogram;municipal solid waste;0.0;technosphere;GLO;ecoinvent_cutoff_3.9_remind_SSP2-PkBudg500_2090
cd01521d6493f2e9908d9ce6dceed5c1;market for waste glass;MT;waste glass;;"[('ISIC rev.4 ecoinvent', '3821:Treatment and disposal of non-hazardous waste'), ('CPC', '37111: Glass in the mass, in balls (except microspheres), rods or tubes, unworked; waste and scrap of glass')]";treatment of waste glass, open burning;-0.0150317896138671;kilogram;waste glass;0.0;technosphere;GLO;ecoinvent_cutoff_3.9_remind_SSP2-PkBudg500_2090
cdf243bc9ee0ae84adafb4705a51e6f0;market for waste polyurethane;EE;waste polyurethane;;[('ISIC rev.4 ecoinvent', '3821:Treatment and disposal of non-hazardous waste'), ('CPC', '39270: Waste, parings and scrap of plastics')];treatment of waste polyurethane, open burning;-0.0278904162073016;kilogram;waste polyurethane;0.0;technosphere;GLO;ecoinvent_cutoff_3.9_remind_SSP2-PkBudg500_2090
ce6ea512f528c7d5fae7812933291638;market for waste plastic, mixture;CZ;waste plastic, mixture;;[('ISIC rev.4 ecoinvent', '3821:Treatment and disposal of non-hazardous waste'), ('CPC', '39270: Waste, parings and scrap of plastics')];treatment of waste plastic, mixture, open burning;-0.0122605420657861;kilogram;waste plastic, mixture;0.0;technosphere;GLO;ecoinvent_cutoff_3.9_remind_SSP2-PkBudg500_2090
ce7e382983ed37ac518889ead8bd7b41;treatment of waste plastic, mixture, open burning;GLO;waste plastic, mixture;;[('ISIC rev.4 ecoinvent', '3821:Treatment and disposal of non-hazardous waste'), ('CPC', '39270: Waste, parings and scrap of plastics')];treatment of waste plastic, mixture, open burning;-1.0;kilogram;waste plastic, mixture;1.0;production;GLO;ecoinvent_cutoff_3.9_remind_SSP2-PkBudg500_2090
ceae3eba48752ab890404de49aa54e70;market for waste polyethylene;CH;waste polyethylene;;[('ISIC rev.4 ecoinvent', '3821:Treatment and disposal of non-hazardous waste'), ('CPC', '39270: Waste, parings and scrap of plastics')];treatment of waste polyethylene, open burning;-0.000526841223095166;kilogram;waste polyethylene;0.0;technosphere;GLO;ecoinvent_cutoff_3.9_remind_SSP2-PkBudg500_2090
cf5cf0202d523cffcef92c6390be827e;market for waste polypropylene;HR;waste polypropylene;;[('ISIC rev.4 ecoinvent', '3821:Treatment and disposal of non-hazardous waste'), ('CPC', '39270: Waste, parings and scrap of plastics')];treatment of waste polypropylene, open burning;-0.0205469906849226;kilogram;waste polypropylene;0.0;technosphere;GLO;ecoinvent_cutoff_3.9_remind_SSP2-PkBudg500_2090
cfe67d4b1dca137472f5ccf0dbeabeda;market for waste polyethylene terephthalate;MK;waste polyethylene terephthalate;;[('ISIC rev.4 ecoinvent', '3821:Treatment and disposal of non-hazardous waste'), ('CPC', '39270: Waste, parings and scrap of plastics')];treatment of waste polyethylene terephthalate, open burning;-0.0860011568767784;kilogram;waste polyethylene terephthalate;0.0;technosphere;GLO;ecoinvent_cutoff_3.9_remind_SSP2-PkBudg500_2090
cfe80dd1883ca8df051887be0fdfa4ec;market for waste glass;IS;waste glass;;"[('ISIC rev.4 ecoinvent', '3821:Treatment and disposal of non-hazardous waste'), ('CPC', '37111: Glass in the mass, in balls (except microspheres), rods or tubes, unworked; waste and scrap of glass')]";treatment of waste glass, open burning;-0.00917395587533919;kilogram;waste glass;0.0;technosphere;GLO;ecoinvent_cutoff_3.9_remind_SSP2-PkBudg500_2090
d0348ad866a178a11d1752c0390a531e;market for waste polypropylene;CH;waste polypropylene;;[('ISIC rev.4 ecoinvent', '3821:Treatment and disposal of non-hazardous waste'), ('CPC', '39270: Waste, parings and scrap of plastics')];treatment of waste polypropylene, open burning;-0.000526841223095166;kilogram;waste polypropylene;0.0;technosphere;GLO;ecoinvent_cutoff_3.9_remind_SSP2-PkBudg500_2090
d034e6d7b42247a24f54bcd2b60d095d;market for municipal solid waste;SK;municipal solid waste;;[('ISIC rev.4 ecoinvent', '3821:Treatment and disposal of non-hazardous waste'), ('CPC', '39910: Municipal waste')];treatment of municipal solid waste, open burning;-0.0143534;kilogram;municipal solid waste;0.0;technosphere;GLO;ecoinvent_cutoff_3.9_remind_SSP2-PkBudg500_2090
d062214e60d6ba5665cd33b18444611c;market for waste graphical paper;CO;waste graphical paper;;[('ISIC rev.4 ecoinvent', '3821:Treatment and disposal of non-hazardous waste'), ('CPC', '39990: Other wastes n.e.c.')];treatment of waste graphical paper, open burning;-0.0487658869735807;kilogram;waste graphical paper;0.0;technosphere;GLO;ecoinvent_cutoff_3.9_remind_SSP2-PkBudg500_2090
d065555cb45afcd6aae1117587635d8e;market for waste polyethylene terephthalate;PL;waste polyethylene terephthalate;;[('ISIC rev.4 ecoinvent', '3821:Treatment and disposal of non-hazardous waste'), ('CPC', '39270: Waste, parings and scrap of plastics')];treatment of waste polyethylene terephthalate, open burning;-0.0409099500836998;kilogram;waste polyethylene terephthalate;0.0;technosphere;GLO;ecoinvent_cutoff_3.9_remind_SSP2-PkBudg500_2090
d1405837c0dea646e911b0cbec9d6918;market for waste plastic, mixture;BE;waste plastic, mixture;;[('ISIC rev.4 ecoinvent', '3821:Treatment and disposal of non-hazardous waste'), ('CPC', '39270: Waste, parings and scrap of plastics')];treatment of waste plastic, mixture, open burning;-0.000182090137116258;kilogram;waste plastic, mixture;0.0;technosphere;GLO;ecoinvent_cutoff_3.9_remind_SSP2-PkBudg500_2090
d20a585b5731db2c24c098d33e648315;market for waste paperboard;PL;waste paperboard;;[('ISIC rev.4 ecoinvent', '3821:Treatment and disposal of non-hazardous waste'), ('CPC', '39240: Waste and scrap of paper or paperboard')];treatment of waste paperboard, open burning;-0.0409099500836998;kilogram;waste paperboard;0.0;technosphere;GLO;ecoinvent_cutoff_3.9_remind_SSP2-PkBudg500_2090
d220fada2d64cbe05f1fbf63d8b2d9a1;market for waste polypropylene;RoW;waste polypropylene;;[('ISIC rev.4 ecoinvent', '3821:Treatment and disposal of non-hazardous waste'), ('EcoSpold01Categories', 'waste management/municipal incineration'), ('CPC', '39270: Waste, parings and scrap of plastics')];treatment of waste polypropylene, open burning;-0.0974434868744582;kilogram;waste polypropylene;0.0;technosphere;GLO;ecoinvent_cutoff_3.9_remind_SSP2-PkBudg500_2090
d2fa99940341dc5b99e92bb6f5cc8670;market for waste plastic, mixture;DK;waste plastic, mixture;;[('ISIC rev.4 ecoinvent', '3821:Treatment and disposal of non-hazardous waste'), ('CPC', '39270: Waste, parings and scrap of plastics')];treatment of waste plastic, mixture, open burning;-0.00017434433461976;kilogram;waste plastic, mixture;0.0;technosphere;GLO;ecoinvent_cutoff_3.9_remind_SSP2-PkBudg500_2090
d36a947a505d74d9dec6eea2d4eb58a7;market for waste plastic, mixture;LV;waste plastic, mixture;;[('ISIC rev.4 ecoinvent', '3821:Treatment and disposal of non-hazardous waste'), ('CPC', '39270: Waste, parings and scrap of plastics')];treatment of waste plastic, mixture, open burning;-0.0330013176794512;kilogram;waste plastic, mixture;0.0;technosphere;GLO;ecoinvent_cutoff_3.9_remind_SSP2-PkBudg500_2090
d4abc8291be31264e778a4ddeea3c2d1;market for waste glass;ES;waste glass;;"[('ISIC rev.4 ecoinvent', '3821:Treatment and disposal of non-hazardous waste'), ('CPC', '37111: Glass in the mass, in balls (except microspheres), rods or tubes, unworked; waste and scrap of glass')]";treatment of waste glass, open burning;-0.0104397907139771;kilogram;waste glass;0.0;technosphere;GLO;ecoinvent_cutoff_3.9_remind_SSP2-PkBudg500_2090
d5378909cd3c391b8688c06b48f94184;market for waste graphical paper;SI;waste graphical paper;;[('ISIC rev.4 ecoinvent', '3821:Treatment and disposal of non-hazardous waste'), ('CPC', '39990: Other wastes n.e.c.')];treatment of waste graphical paper, open burning;-0.00966043946660359;kilogram;waste graphical paper;0.0;technosphere;GLO;ecoinvent_cutoff_3.9_remind_SSP2-PkBudg500_2090
d6199734da4a0dd3ea84b1078dcee1d0;market for waste polyethylene;SK;waste polyethylene;;[('ISIC rev.4 ecoinvent', '3821:Treatment and disposal of non-hazardous waste'), ('CPC', '39270: Waste, parings and scrap of plastics')];treatment of waste polyethylene, open burning;-0.0143533996706812;kilogram;waste polyethylene;0.0;technosphere;GLO;ecoinvent_cutoff_3.9_remind_SSP2-PkBudg500_2090
d7b7630b9592ef29da0086e6d514c771;market for waste plastic, mixture;XK;waste plastic, mixture;;[('ISIC rev.4 ecoinvent', '3821:Treatment and disposal of non-hazardous waste'), ('CPC', '39270: Waste, parings and scrap of plastics')];treatment of waste plastic, mixture, open burning;-0.19020481996282;kilogram;waste plastic, mixture;0.0;technosphere;GLO;ecoinvent_cutoff_3.9_remind_SSP2-PkBudg500_2090
d871a464a3dd68c223f1b39a2fe77abc;market for municipal solid waste;ME;municipal solid waste;;[('ISIC rev.4 ecoinvent', '3821:Treatment and disposal of non-hazardous waste'), ('CPC', '39910: Municipal waste')];treatment of municipal solid waste, open burning;-0.0634286;kilogram;municipal solid waste;0.0;technosphere;GLO;ecoinvent_cutoff_3.9_remind_SSP2-PkBudg500_2090
d8b2ce5d2112db0527d898b6ba2530bb;market for waste polyvinylchloride;RS;waste polyvinylchloride;;[('ISIC rev.4 ecoinvent', '3821:Treatment and disposal of non-hazardous waste'), ('CPC', '39270: Waste, parings and scrap of plastics')];treatment of waste polyvinylchloride, open burning;-0.0897695128049834;kilogram;waste polyvinylchloride;0.0;technosphere;GLO;ecoinvent_cutoff_3.9_remind_SSP2-PkBudg500_2090
d8b716fcf9a540a7b6acbd258ef5d902;market for waste polyethylene;HR;waste polyethylene;;[('ISIC rev.4 ecoinvent', '3821:Treatment and disposal of non-hazardous waste'), ('CPC', '39270: Waste, parings and scrap of plastics')];treatment of waste polyethylene, open burning;-0.0205469906849226;kilogram;waste polyethylene;0.0;technosphere;GLO;ecoinvent_cutoff_3.9_remind_SSP2-PkBudg500_2090
d8d6a04d768c3f57e544c3ce1c32215e;market for waste glass;HR;waste glass;;"[('ISIC rev.4 ecoinvent', '3821:Treatment and disposal of non-hazardous waste'), ('CPC', '37111: Glass in the mass, in balls (except microspheres), rods or tubes, unworked; waste and scrap of glass')]";treatment of waste glass, open burning;-0.0205469906849226;kilogram;waste glass;0.0;technosphere;GLO;ecoinvent_cutoff_3.9_remind_SSP2-PkBudg500_2090
d9084d47ca1eff0a8ebb27783e5f2ca6;market for waste polystyrene;PT;waste polystyrene;;[('ISIC rev.4 ecoinvent', '3821:Treatment and disposal of non-hazardous waste'), ('CPC', '39270: Waste, parings and scrap of plastics')];treatment of waste polystyrene, open burning;-0.0107372908969953;kilogram;waste polystyrene;0.0;technosphere;GLO;ecoinvent_cutoff_3.9_remind_SSP2-PkBudg500_2090
d968717186eba9bd47f5bf21a2f8e9b3;market for waste wood, untreated;GR;waste wood, untreated;;[('ISIC rev.4 ecoinvent', '3821:Treatment and disposal of non-hazardous waste'), ('CPC', '3928: Sawdust and wood waste and scrap')];treatment of waste wood, untreated, open burning;-0.015265724881001;kilogram;waste wood, untreated;0.0;technosphere;GLO;ecoinvent_cutoff_3.9_remind_SSP2-PkBudg500_2090
d983e7e780a98ad13ffc08f6d901d191;market for waste polyethylene;DE;waste polyethylene;;[('ISIC rev.4 ecoinvent', '3821:Treatment and disposal of non-hazardous waste'), ('CPC', '39270: Waste, parings and scrap of plastics')];treatment of waste polyethylene, open burning;-6.36128446588608e-05;kilogram;waste polyethylene;0.0;technosphere;GLO;ecoinvent_cutoff_3.9_remind_SSP2-PkBudg500_2090
da1d16c0aaba9db3f60ec763bc4bf012;market for waste polypropylene;HU;waste polypropylene;;[('ISIC rev.4 ecoinvent', '3821:Treatment and disposal of non-hazardous waste'), ('CPC', '39270: Waste, parings and scrap of plastics')];treatment of waste polypropylene, open burning;-0.0216911062443454;kilogram;waste polypropylene;0.0;technosphere;GLO;ecoinvent_cutoff_3.9_remind_SSP2-PkBudg500_2090
da94cdad59b34c384149de41f3ec2316;market for waste polyethylene;BA;waste polyethylene;;[('ISIC rev.4 ecoinvent', '3821:Treatment and disposal of non-hazardous waste'), ('CPC', '39270: Waste, parings and scrap of plastics')];treatment of waste polyethylene, open burning;-0.0871242405735605;kilogram;waste polyethylene;0.0;technosphere;GLO;ecoinvent_cutoff_3.9_remind_SSP2-PkBudg500_2090
dc85c0a7b718546b81d8f2f46440ac32;market for waste glass;ME;waste glass;;"[('ISIC rev.4 ecoinvent', '3821:Treatment and disposal of non-hazardous waste'), ('CPC', '37111: Glass in the mass, in balls (except microspheres), rods or tubes, unworked; waste and scrap of glass')]";treatment of waste glass, open burning;-0.0634286239725263;kilogram;waste glass;0.0;technosphere;GLO;ecoinvent_cutoff_3.9_remind_SSP2-PkBudg500_2090
dd5375d94bfdc3db6fb053dceda19c0b;market for waste plastic, mixture;FR;waste plastic, mixture;;[('ISIC rev.4 ecoinvent', '3821:Treatment and disposal of non-hazardous waste'), ('CPC', '39270: Waste, parings and scrap of plastics')];treatment of waste plastic, mixture, open burning;-0.00417186912852553;kilogram;waste plastic, mixture;0.0;technosphere;GLO;ecoinvent_cutoff_3.9_remind_SSP2-PkBudg500_2090
de8349c4d7de7ce4c1061305654c51fd;market for waste polyethylene terephthalate;LU;waste polyethylene terephthalate;;[('ISIC rev.4 ecoinvent', '3821:Treatment and disposal of non-hazardous waste'), ('CPC', '39270: Waste, parings and scrap of plastics')];treatment of waste polyethylene terephthalate, open burning;-0.00260975115734594;kilogram;waste polyethylene terephthalate;0.0;technosphere;GLO;ecoinvent_cutoff_3.9_remind_SSP2-PkBudg500_2090
deadb6167315321129adfcac288a3907;market for waste polyethylene;IE;waste polyethylene;;[('ISIC rev.4 ecoinvent', '3821:Treatment and disposal of non-hazardous waste'), ('CPC', '39270: Waste, parings and scrap of plastics')];treatment of waste polyethylene, open burning;-0.0264593941066286;kilogram;waste polyethylene;0.0;technosphere;GLO;ecoinvent_cutoff_3.9_remind_SSP2-PkBudg500_2090
df4cd5a2dcb162e3b055c99f6535af3d;market for waste wood, untreated;EE;waste wood, untreated;;[('ISIC rev.4 ecoinvent', '3821:Treatment and disposal of non-hazardous waste'), ('CPC', '3928: Sawdust and wood waste and scrap')];treatment of waste wood, untreated, open burning;-0.0278904162073016;kilogram;waste wood, untreated;0.0;technosphere;GLO;ecoinvent_cutoff_3.9_remind_SSP2-PkBudg500_2090
dfa9f0f518d39d1d7d619d0419094486;treatment of waste, electrical and electronic cables, open burning;GH;waste, electrical and electronic cables;;[('ISIC rev.4 ecoinvent', '3821:Treatment and disposal of non-hazardous waste'), ('CPC', '39361: Waste and scrap of copper')];treatment of waste, electrical and electronic cables, open burning;-1.0;kilogram;waste, electrical and electronic cables;624000.0;production;GH;ecoinvent_cutoff_3.9_remind_SSP2-PkBudg500_2090
dfef03e7b87d8f624203fb8f62bec360;market for waste polystyrene;AT;waste polystyrene;;[('ISIC rev.4 ecoinvent', '3821:Treatment and disposal of non-hazardous waste'), ('CPC', '39270: Waste, parings and scrap of plastics')];treatment of waste polystyrene, open burning;-0.000668777328610643;kilogram;waste polystyrene;0.0;technosphere;GLO;ecoinvent_cutoff_3.9_remind_SSP2-PkBudg500_2090
e055004eb1090f8132679fb5f961eb5f;market for waste paperboard;SK;waste paperboard;;[('ISIC rev.4 ecoinvent', '3821:Treatment and disposal of non-hazardous waste'), ('CPC', '39240: Waste and scrap of paper or paperboard')];treatment of waste paperboard, open burning;-0.0143533996706812;kilogram;waste paperboard;0.0;technosphere;GLO;ecoinvent_cutoff_3.9_remind_SSP2-PkBudg500_2090
e05a9af5c0a0832e08bea5a1dee20cf9;market for waste graphical paper;ME;waste graphical paper;;[('ISIC rev.4 ecoinvent', '3821:Treatment and disposal of non-hazardous waste'), ('CPC', '39990: Other wastes n.e.c.')];treatment of waste graphical paper, open burning;-0.0634286239725263;kilogram;waste graphical paper;0.0;technosphere;GLO;ecoinvent_cutoff_3.9_remind_SSP2-PkBudg500_2090
e0ace70cf478590fa97af32be57f238c;market for municipal solid waste;LV;municipal solid waste;;[('ISIC rev.4 ecoinvent', '3821:Treatment and disposal of non-hazardous waste'), ('CPC', '39910: Municipal waste')];treatment of municipal solid waste, open burning;-0.0330013;kilogram;municipal solid waste;0.0;technosphere;GLO;ecoinvent_cutoff_3.9_remind_SSP2-PkBudg500_2090
e0fdd9b5ebb24c01cb1e029945727fac;market for waste wood, untreated;IS;waste wood, untreated;;[('ISIC rev.4 ecoinvent', '3821:Treatment and disposal of non-hazardous waste'), ('CPC', '3928: Sawdust and wood waste and scrap')];treatment of waste wood, untreated, open burning;-0.00917395587533919;kilogram;waste wood, untreated;0.0;technosphere;GLO;ecoinvent_cutoff_3.9_remind_SSP2-PkBudg500_2090
e1d5fa602d5baaf788910e8b729602c4;market for waste polyurethane;LU;waste polyurethane;;[('ISIC rev.4 ecoinvent', '3821:Treatment and disposal of non-hazardous waste'), ('CPC', '39270: Waste, parings and scrap of plastics')];treatment of waste polyurethane, open burning;-0.00260975115734594;kilogram;waste polyurethane;0.0;technosphere;GLO;ecoinvent_cutoff_3.9_remind_SSP2-PkBudg500_2090
e2f1b6106cb0cb7d8af22867ce26cc77;market for waste paperboard;LV;waste paperboard;;[('ISIC rev.4 ecoinvent', '3821:Treatment and disposal of non-hazardous waste'), ('CPC', '39240: Waste and scrap of paper or paperboard')];treatment of waste paperboard, open burning;-0.0330013176794512;kilogram;waste paperboard;0.0;technosphere;GLO;ecoinvent_cutoff_3.9_remind_SSP2-PkBudg500_2090
e2f48714e4f56b5a0c9cfb2ab494fa1c;market for waste polyethylene;CY;waste polyethylene;;[('ISIC rev.4 ecoinvent', '3821:Treatment and disposal of non-hazardous waste'), ('CPC', '39270: Waste, parings and scrap of plastics')];treatment of waste polyethylene, open burning;-0.0135770927668737;kilogram;waste polyethylene;0.0;technosphere;GLO;ecoinvent_cutoff_3.9_remind_SSP2-PkBudg500_2090
e31f1c3700878d12b4f6fb37843d0c0b;market for waste polypropylene;LT;waste polypropylene;;[('ISIC rev.4 ecoinvent', '3821:Treatment and disposal of non-hazardous waste'), ('CPC', '39270: Waste, parings and scrap of plastics')];treatment of waste polypropylene, open burning;-0.0203629272318968;kilogram;waste polypropylene;0.0;technosphere;GLO;ecoinvent_cutoff_3.9_remind_SSP2-PkBudg500_2090
e3627185c7925ed2a1e519d419dcb94e;market for waste polyethylene;SE;waste polyethylene;;[('ISIC rev.4 ecoinvent', '3821:Treatment and disposal of non-hazardous waste'), ('CPC', '39270: Waste, parings and scrap of plastics')];treatment of waste polyethylene, open burning;-0.000111927049697239;kilogram;waste polyethylene;0.0;technosphere;GLO;ecoinvent_cutoff_3.9_remind_SSP2-PkBudg500_2090
e3dd04ac517a545ea51da44fe9463d15;market for waste polystyrene;SE;waste polystyrene;;[('ISIC rev.4 ecoinvent', '3821:Treatment and disposal of non-hazardous waste'), ('CPC', '39270: Waste, parings and scrap of plastics')];treatment of waste polystyrene, open burning;-0.000111927049697239;kilogram;waste polystyrene;0.0;technosphere;GLO;ecoinvent_cutoff_3.9_remind_SSP2-PkBudg500_2090
e3e74ebc6dfe805e240cb7b59ede5474;market for waste polyvinylchloride;SE;waste polyvinylchloride;;[('ISIC rev.4 ecoinvent', '3821:Treatment and disposal of non-hazardous waste'), ('CPC', '39270: Waste, parings and scrap of plastics')];treatment of waste polyvinylchloride, open burning;-0.000111927049697239;kilogram;waste polyvinylchloride;0.0;technosphere;GLO;ecoinvent_cutoff_3.9_remind_SSP2-PkBudg500_2090
e45dba02405b348bd8217c10aaf6993c;treatment of waste polyurethane, open burning;GLO;waste polyurethane;;[('ISIC rev.4 ecoinvent', '3821:Treatment and disposal of non-hazardous waste'), ('CPC', '39270: Waste, parings and scrap of plastics')];treatment of waste polyurethane, open burning;-1.0;kilogram;waste polyurethane;1.0;production;GLO;ecoinvent_cutoff_3.9_remind_SSP2-PkBudg500_2090
e4d9927028de09b18cbfe29b9ee8f586;market for waste polyurethane;CH;waste polyurethane;;[('ISIC rev.4 ecoinvent', '3821:Treatment and disposal of non-hazardous waste'), ('CPC', '39270: Waste, parings and scrap of plastics')];treatment of waste polyurethane, open burning;-0.000526841223095166;kilogram;waste polyurethane;0.0;technosphere;GLO;ecoinvent_cutoff_3.9_remind_SSP2-PkBudg500_2090
e514fa579e688988c56f71fc7542a60e;market for waste polyvinylchloride;BE;waste polyvinylchloride;;[('ISIC rev.4 ecoinvent', '3821:Treatment and disposal of non-hazardous waste'), ('CPC', '39270: Waste, parings and scrap of plastics')];treatment of waste polyvinylchloride, open burning;-0.000182090137116258;kilogram;waste polyvinylchloride;0.0;technosphere;GLO;ecoinvent_cutoff_3.9_remind_SSP2-PkBudg500_2090
e5c16131da7f1a741d664a8279a6f5d0;market for waste polyethylene terephthalate;PT;waste polyethylene terephthalate;;[('ISIC rev.4 ecoinvent', '3821:Treatment and disposal of non-hazardous waste'), ('CPC', '39270: Waste, parings and scrap of plastics')];treatment of waste polyethylene terephthalate, open burning;-0.0107372908969953;kilogram;waste polyethylene terephthalate;0.0;technosphere;GLO;ecoinvent_cutoff_3.9_remind_SSP2-PkBudg500_2090
e7276da7d88f6ecf32ef4163b5e9f4b0;market for waste polyethylene terephthalate;GR;waste polyethylene terephthalate;;[('ISIC rev.4 ecoinvent', '3821:Treatment and disposal of non-hazardous waste'), ('CPC', '39270: Waste, parings and scrap of plastics')];treatment of waste polyethylene terephthalate, open burning;-0.015265724881001;kilogram;waste polyethylene terephthalate;0.0;technosphere;GLO;ecoinvent_cutoff_3.9_remind_SSP2-PkBudg500_2090
e740819f0a6c9de02d290b854731f67d;market for waste polystyrene;DK;waste polystyrene;;[('ISIC rev.4 ecoinvent', '3821:Treatment and disposal of non-hazardous waste'), ('CPC', '39270: Waste, parings and scrap of plastics')];treatment of waste polystyrene, open burning;-0.00017434433461976;kilogram;waste polystyrene;0.0;technosphere;GLO;ecoinvent_cutoff_3.9_remind_SSP2-PkBudg500_2090
e747c17e0c69f1bd8ce198022ec12838;market for waste plastic, mixture;ES;waste plastic, mixture;;[('ISIC rev.4 ecoinvent', '3821:Treatment and disposal of non-hazardous waste'), ('CPC', '39270: Waste, parings and scrap of plastics')];treatment of waste plastic, mixture, open burning;-0.0104397907139771;kilogram;waste plastic, mixture;0.0;technosphere;GLO;ecoinvent_cutoff_3.9_remind_SSP2-PkBudg500_2090
e7fc8f98302e556aedc1da656411e830;market for waste polyvinylchloride;DE;waste polyvinylchloride;;[('ISIC rev.4 ecoinvent', '3821:Treatment and disposal of non-hazardous waste'), ('CPC', '39270: Waste, parings and scrap of plastics')];treatment of waste polyvinylchloride, open burning;-6.36128446588608e-05;kilogram;waste polyvinylchloride;0.0;technosphere;GLO;ecoinvent_cutoff_3.9_remind_SSP2-PkBudg500_2090
e81b517c7792db6696aca932d400a5dd;market for waste plastic, mixture;MK;waste plastic, mixture;;[('ISIC rev.4 ecoinvent', '3821:Treatment and disposal of non-hazardous waste'), ('CPC', '39270: Waste, parings and scrap of plastics')];treatment of waste plastic, mixture, open burning;-0.0860011568767784;kilogram;waste plastic, mixture;0.0;technosphere;GLO;ecoinvent_cutoff_3.9_remind_SSP2-PkBudg500_2090
e82024086a137e3b48e70fab80c15a95;market for waste polyethylene terephthalate;FI;waste polyethylene terephthalate;;[('ISIC rev.4 ecoinvent', '3821:Treatment and disposal of non-hazardous waste'), ('CPC', '39270: Waste, parings and scrap of plastics')];treatment of waste polyethylene terephthalate, open burning;-0.000565773149803462;kilogram;waste polyethylene terephthalate;0.0;technosphere;GLO;ecoinvent_cutoff_3.9_remind_SSP2-PkBudg500_2090
e8690049931f831cf05dd1a8f78bb985;treatment of waste, pneumatic tyres, open burning;RoW;waste, pneumatic tyres;;[('ISIC rev.4 ecoinvent', '3821:Treatment and disposal of non-hazardous waste'), ('CPC', '39260: Used pneumatic tyres of rubber')];treatment of waste, pneumatic tyres, open burning;-1.0;kilogram;waste, pneumatic tyres;310821500.0;production;RoW;ecoinvent_cutoff_3.9_remind_SSP2-PkBudg500_2090
e89656422dd13efc96937df3d2dffe42;market for waste glass;IE;waste glass;;"[('ISIC rev.4 ecoinvent', '3821:Treatment and disposal of non-hazardous waste'), ('CPC', '37111: Glass in the mass, in balls (except microspheres), rods or tubes, unworked; waste and scrap of glass')]";treatment of waste glass, open burning;-0.0264593941066286;kilogram;waste glass;0.0;technosphere;GLO;ecoinvent_cutoff_3.9_remind_SSP2-PkBudg500_2090
e93fcb92a34b81c2c36fe8e2d35693fc;market for waste polyethylene terephthalate;RS;waste polyethylene terephthalate;;[('ISIC rev.4 ecoinvent', '3821:Treatment and disposal of non-hazardous waste'), ('CPC', '39270: Waste, parings and scrap of plastics')];treatment of waste polyethylene terephthalate, open burning;-0.0897695128049834;kilogram;waste polyethylene terephthalate;0.0;technosphere;GLO;ecoinvent_cutoff_3.9_remind_SSP2-PkBudg500_2090
e961d9e257c90dc528981d47a63e5633;market for waste wood, untreated;BE;waste wood, untreated;;[('ISIC rev.4 ecoinvent', '3821:Treatment and disposal of non-hazardous waste'), ('CPC', '3928: Sawdust and wood waste and scrap')];treatment of waste wood, untreated, open burning;-0.000182090137116258;kilogram;waste wood, untreated;0.0;technosphere;GLO;ecoinvent_cutoff_3.9_remind_SSP2-PkBudg500_2090
ea963bce3075c67cf111528974c752d4;market for waste glass;GR;waste glass;;"[('ISIC rev.4 ecoinvent', '3821:Treatment and disposal of non-hazardous waste'), ('CPC', '37111: Glass in the mass, in balls (except microspheres), rods or tubes, unworked; waste and scrap of glass')]";treatment of waste glass, open burning;-0.015265724881001;kilogram;waste glass;0.0;technosphere;GLO;ecoinvent_cutoff_3.9_remind_SSP2-PkBudg500_2090
eaae0d625f828c9b6ca89291dc68332a;treatment of waste polystyrene, open burning;GLO;waste polystyrene;;[('ISIC rev.4 ecoinvent', '3821:Treatment and disposal of non-hazardous waste'), ('CPC', '39270: Waste, parings and scrap of plastics')];treatment of waste polystyrene, open burning;-1.0;kilogram;waste polystyrene;1.0;production;GLO;ecoinvent_cutoff_3.9_remind_SSP2-PkBudg500_2090
eac553ca2da3c65874d872a6f94d405d;market for waste polyurethane;BG;waste polyurethane;;[('ISIC rev.4 ecoinvent', '3821:Treatment and disposal of non-hazardous waste'), ('CPC', '39270: Waste, parings and scrap of plastics')];treatment of waste polyurethane, open burning;-0.0275938418728608;kilogram;waste polyurethane;0.0;technosphere;GLO;ecoinvent_cutoff_3.9_remind_SSP2-PkBudg500_2090
eaf835e4763752895df4b63e591d2444;market for waste polyurethane;HR;waste polyurethane;;[('ISIC rev.4 ecoinvent', '3821:Treatment and disposal of non-hazardous waste'), ('CPC', '39270: Waste, parings and scrap of plastics')];treatment of waste polyurethane, open burning;-0.0205469906849226;kilogram;waste polyurethane;0.0;technosphere;GLO;ecoinvent_cutoff_3.9_remind_SSP2-PkBudg500_2090
eb5e3a40aaeb60e936f693e31c7722dc;market for waste polyethylene terephthalate;DK;waste polyethylene terephthalate;;[('ISIC rev.4 ecoinvent', '3821:Treatment and disposal of non-hazardous waste'), ('CPC', '39270: Waste, parings and scrap of plastics')];treatment of waste polyethylene terephthalate, open burning;-0.00017434433461976;kilogram;waste polyethylene terephthalate;0.0;technosphere;GLO;ecoinvent_cutoff_3.9_remind_SSP2-PkBudg500_2090
ec4667af422f017d2cf2837a17f6a9a1;market for waste paperboard;AT;waste paperboard;;[('ISIC rev.4 ecoinvent', '3821:Treatment and disposal of non-hazardous waste'), ('CPC', '39240: Waste and scrap of paper or paperboard')];treatment of waste paperboard, open burning;-0.000668777328610643;kilogram;waste paperboard;0.0;technosphere;GLO;ecoinvent_cutoff_3.9_remind_SSP2-PkBudg500_2090
ecb270ee4aedf8807890952747c4c96d;market for waste paperboard;GR;waste paperboard;;[('ISIC rev.4 ecoinvent', '3821:Treatment and disposal of non-hazardous waste'), ('CPC', '39240: Waste and scrap of paper or paperboard')];treatment of waste paperboard, open burning;-0.015265724881001;kilogram;waste paperboard;0.0;technosphere;GLO;ecoinvent_cutoff_3.9_remind_SSP2-PkBudg500_2090
ed8af977546f8193b61ac3b6583f2dfa;market for waste plastic, mixture;IE;waste plastic, mixture;;[('ISIC rev.4 ecoinvent', '3821:Treatment and disposal of non-hazardous waste'), ('CPC', '39270: Waste, parings and scrap of plastics')];treatment of waste plastic, mixture, open burning;-0.0264593941066286;kilogram;waste plastic, mixture;0.0;technosphere;GLO;ecoinvent_cutoff_3.9_remind_SSP2-PkBudg500_2090
eda09f40d0f39062bd58029d60a04e7d;market for waste polyethylene;GB;waste polyethylene;;[('ISIC rev.4 ecoinvent', '3821:Treatment and disposal of non-hazardous waste'), ('CPC', '39270: Waste, parings and scrap of plastics')];treatment of waste polyethylene, open burning;-0.00369092313422926;kilogram;waste polyethylene;0.0;technosphere;GLO;ecoinvent_cutoff_3.9_remind_SSP2-PkBudg500_2090
edcff40bb51c231667091787d3921942;market for waste glass;EE;waste glass;;"[('ISIC rev.4 ecoinvent', '3821:Treatment and disposal of non-hazardous waste'), ('CPC', '37111: Glass in the mass, in balls (except microspheres), rods or tubes, unworked; waste and scrap of glass')]";treatment of waste glass, open burning;-0.0278904162073016;kilogram;waste glass;0.0;technosphere;GLO;ecoinvent_cutoff_3.9_remind_SSP2-PkBudg500_2090
ede65df349107fca115e505b73ab02dd;market for waste wood, untreated;SK;waste wood, untreated;;[('ISIC rev.4 ecoinvent', '3821:Treatment and disposal of non-hazardous waste'), ('CPC', '3928: Sawdust and wood waste and scrap')];treatment of waste wood, untreated, open burning;-0.0143533996706812;kilogram;waste wood, untreated;0.0;technosphere;GLO;ecoinvent_cutoff_3.9_remind_SSP2-PkBudg500_2090
ee409eb9f1b1ef56675647e7e775dbe6;market for waste paperboard;IN;waste paperboard;;[('ISIC rev.4 ecoinvent', '3821:Treatment and disposal of non-hazardous waste'), ('CPC', '39240: Waste and scrap of paper or paperboard')];treatment of waste paperboard, open burning;-0.284307580310206;kilogram;waste paperboard;0.0;technosphere;GLO;ecoinvent_cutoff_3.9_remind_SSP2-PkBudg500_2090
ee79b80a6c9bd61952a112228a90a761;market for waste wood, untreated;FI;waste wood, untreated;;[('ISIC rev.4 ecoinvent', '3821:Treatment and disposal of non-hazardous waste'), ('CPC', '3928: Sawdust and wood waste and scrap')];treatment of waste wood, untreated, open burning;-0.000565773149803462;kilogram;waste wood, untreated;0.0;technosphere;GLO;ecoinvent_cutoff_3.9_remind_SSP2-PkBudg500_2090
ef1a6edc5100f5b5f2d931aff4483521;market for waste polyurethane;LT;waste polyurethane;;[('ISIC rev.4 ecoinvent', '3821:Treatment and disposal of non-hazardous waste'), ('CPC', '39270: Waste, parings and scrap of plastics')];treatment of waste polyurethane, open burning;-0.0203629272318968;kilogram;waste polyurethane;0.0;technosphere;GLO;ecoinvent_cutoff_3.9_remind_SSP2-PkBudg500_2090
ef4fbe7f7d9cf44027dfd44f54d3f40b;market for waste polypropylene;NL;waste polypropylene;;[('ISIC rev.4 ecoinvent', '3821:Treatment and disposal of non-hazardous waste'), ('CPC', '39270: Waste, parings and scrap of plastics')];treatment of waste polypropylene, open burning;-0.000301606625741877;kilogram;waste polypropylene;0.0;technosphere;GLO;ecoinvent_cutoff_3.9_remind_SSP2-PkBudg500_2090
f01a87180845b0e3e0698b6d9d5ed339;market for waste polystyrene;ZA;waste polystyrene;;[('ISIC rev.4 ecoinvent', '3821:Treatment and disposal of non-hazardous waste'), ('CPC', '39270: Waste, parings and scrap of plastics')];treatment of waste polystyrene, open burning;-0.0334239090407301;kilogram;waste polystyrene;0.0;technosphere;GLO;ecoinvent_cutoff_3.9_remind_SSP2-PkBudg500_2090
f09ac63ce2f555dce8e5ab1e0283e302;market for waste glass;CZ;waste glass;;"[('ISIC rev.4 ecoinvent', '3821:Treatment and disposal of non-hazardous waste'), ('CPC', '37111: Glass in the mass, in balls (except microspheres), rods or tubes, unworked; waste and scrap of glass')]";treatment of waste glass, open burning;-0.0122605420657861;kilogram;waste glass;0.0;technosphere;GLO;ecoinvent_cutoff_3.9_remind_SSP2-PkBudg500_2090
f0e7083fa611e48eab0de84f6bbff2da;market for waste polyethylene;PT;waste polyethylene;;[('ISIC rev.4 ecoinvent', '3821:Treatment and disposal of non-hazardous waste'), ('CPC', '39270: Waste, parings and scrap of plastics')];treatment of waste polyethylene, open burning;-0.0107372908969953;kilogram;waste polyethylene;0.0;technosphere;GLO;ecoinvent_cutoff_3.9_remind_SSP2-PkBudg500_2090
f1514661439010222d9a1233f7d48efd;market for waste glass;AL;waste glass;;"[('ISIC rev.4 ecoinvent', '3821:Treatment and disposal of non-hazardous waste'), ('CPC', '37111: Glass in the mass, in balls (except microspheres), rods or tubes, unworked; waste and scrap of glass')]";treatment of waste glass, open burning;-0.0589997881455436;kilogram;waste glass;0.0;technosphere;GLO;ecoinvent_cutoff_3.9_remind_SSP2-PkBudg500_2090
f15f9e896815ef437f1b177d0377ee7f;market for waste polyvinylchloride;PL;waste polyvinylchloride;;[('ISIC rev.4 ecoinvent', '3821:Treatment and disposal of non-hazardous waste'), ('CPC', '39270: Waste, parings and scrap of plastics')];treatment of waste polyvinylchloride, open burning;-0.0409099500836998;kilogram;waste polyvinylchloride;0.0;technosphere;GLO;ecoinvent_cutoff_3.9_remind_SSP2-PkBudg500_2090
f17a1db124f951c45e1e171fe3198ec5;market for waste polyurethane;BE;waste polyurethane;;[('ISIC rev.4 ecoinvent', '3821:Treatment and disposal of non-hazardous waste'), ('CPC', '39270: Waste, parings and scrap of plastics')];treatment of waste polyurethane, open burning;-0.000182090137116258;kilogram;waste polyurethane;0.0;technosphere;GLO;ecoinvent_cutoff_3.9_remind_SSP2-PkBudg500_2090
f1e66b483901637550ed4b7a9fb5f050;market for waste glass;ZA;waste glass;;"[('ISIC rev.4 ecoinvent', '3821:Treatment and disposal of non-hazardous waste'), ('CPC', '37111: Glass in the mass, in balls (except microspheres), rods or tubes, unworked; waste and scrap of glass')]";treatment of waste glass, open burning;-0.0334239090407301;kilogram;waste glass;0.0;technosphere;GLO;ecoinvent_cutoff_3.9_remind_SSP2-PkBudg500_2090
f2e935ec8a0f81d22ee287d94faa929f;market for waste polyethylene;IT;waste polyethylene;;[('ISIC rev.4 ecoinvent', '3821:Treatment and disposal of non-hazardous waste'), ('CPC', '39270: Waste, parings and scrap of plastics')];treatment of waste polyethylene, open burning;-0.00674378845855387;kilogram;waste polyethylene;0.0;technosphere;GLO;ecoinvent_cutoff_3.9_remind_SSP2-PkBudg500_2090
f304a73b69c0da56b3f79cec101940eb;market for waste polystyrene;RO;waste polystyrene;;[('ISIC rev.4 ecoinvent', '3821:Treatment and disposal of non-hazardous waste'), ('CPC', '39270: Waste, parings and scrap of plastics')];treatment of waste polystyrene, open burning;-0.113764292129076;kilogram;waste polystyrene;0.0;technosphere;GLO;ecoinvent_cutoff_3.9_remind_SSP2-PkBudg500_2090
f36cc128c942c422c2c4e739a14a1c4c;market for waste polyethylene;GR;waste polyethylene;;[('ISIC rev.4 ecoinvent', '3821:Treatment and disposal of non-hazardous waste'), ('CPC', '39270: Waste, parings and scrap of plastics')];treatment of waste polyethylene, open burning;-0.015265724881001;kilogram;waste polyethylene;0.0;technosphere;GLO;ecoinvent_cutoff_3.9_remind_SSP2-PkBudg500_2090
f3c1dfcebcb5f0910262f18f690cd2eb;market for waste polyurethane;RoW;waste polyurethane;;[('EcoSpold01Categories', 'waste management/inert material landfill'), ('ISIC rev.4 ecoinvent', '3821:Treatment and disposal of non-hazardous waste'), ('CPC', '39270: Waste, parings and scrap of plastics')];treatment of waste polyurethane, open burning;-0.0974434868744583;kilogram;waste polyurethane;0.0;technosphere;GLO;ecoinvent_cutoff_3.9_remind_SSP2-PkBudg500_2090
f3c887639e9d75dfcbf5fa10922f8d4d;market for municipal solid waste;BG;municipal solid waste;;[('ISIC rev.4 ecoinvent', '3821:Treatment and disposal of non-hazardous waste'), ('CPC', '39910: Municipal waste')];treatment of municipal solid waste, open burning;-0.0275938;kilogram;municipal solid waste;0.0;technosphere;GLO;ecoinvent_cutoff_3.9_remind_SSP2-PkBudg500_2090
f411cd69d953887e40180da02416861f;market for waste graphical paper;IE;waste graphical paper;;[('ISIC rev.4 ecoinvent', '3821:Treatment and disposal of non-hazardous waste'), ('CPC', '39990: Other wastes n.e.c.')];treatment of waste graphical paper, open burning;-0.0264593941066286;kilogram;waste graphical paper;0.0;technosphere;GLO;ecoinvent_cutoff_3.9_remind_SSP2-PkBudg500_2090
f5313c768c5034c1dfe77efb0949456d;market for waste polyurethane;SE;waste polyurethane;;[('ISIC rev.4 ecoinvent', '3821:Treatment and disposal of non-hazardous waste'), ('CPC', '39270: Waste, parings and scrap of plastics')];treatment of waste polyurethane, open burning;-0.000111927049697239;kilogram;waste polyurethane;0.0;technosphere;GLO;ecoinvent_cutoff_3.9_remind_SSP2-PkBudg500_2090
f56c869034b3206ed2dbf481dc802dfc;market for waste polypropylene;CO;waste polypropylene;;[('ISIC rev.4 ecoinvent', '3821:Treatment and disposal of non-hazardous waste'), ('CPC', '39270: Waste, parings and scrap of plastics')];treatment of waste polypropylene, open burning;-0.0487658869735807;kilogram;waste polypropylene;0.0;technosphere;GLO;ecoinvent_cutoff_3.9_remind_SSP2-PkBudg500_2090
f5c36b82a2dcd2ae7004df2bedadeeae;market for waste wood, untreated;LV;waste wood, untreated;;[('ISIC rev.4 ecoinvent', '3821:Treatment and disposal of non-hazardous waste'), ('CPC', '3928: Sawdust and wood waste and scrap')];treatment of waste wood, untreated, open burning;-0.0330013176794512;kilogram;waste wood, untreated;0.0;technosphere;GLO;ecoinvent_cutoff_3.9_remind_SSP2-PkBudg500_2090
f5e05337408a77bf11b36062d8e38b4f;market for waste polyurethane;LV;waste polyurethane;;[('ISIC rev.4 ecoinvent', '3821:Treatment and disposal of non-hazardous waste'), ('CPC', '39270: Waste, parings and scrap of plastics')];treatment of waste polyurethane, open burning;-0.0330013176794512;kilogram;waste polyurethane;0.0;technosphere;GLO;ecoinvent_cutoff_3.9_remind_SSP2-PkBudg500_2090
f6431f2daf0ddc194f131b3304716271;market for waste graphical paper;ES;waste graphical paper;;[('ISIC rev.4 ecoinvent', '3821:Treatment and disposal of non-hazardous waste'), ('CPC', '39990: Other wastes n.e.c.')];treatment of waste graphical paper, open burning;-0.0104397907139771;kilogram;waste graphical paper;0.0;technosphere;GLO;ecoinvent_cutoff_3.9_remind_SSP2-PkBudg500_2090
f71d59ce4a92e667a83fecad9b08f5f4;market for waste polyurethane;RO;waste polyurethane;;[('ISIC rev.4 ecoinvent', '3821:Treatment and disposal of non-hazardous waste'), ('CPC', '39270: Waste, parings and scrap of plastics')];treatment of waste polyurethane, open burning;-0.113764292129076;kilogram;waste polyurethane;0.0;technosphere;GLO;ecoinvent_cutoff_3.9_remind_SSP2-PkBudg500_2090
f733dc7b2c2be351f356884d79ad3693;market for municipal solid waste;DE;municipal solid waste;;[('ISIC rev.4 ecoinvent', '3821:Treatment and disposal of non-hazardous waste'), ('CPC', '39910: Municipal waste')];treatment of municipal solid waste, open burning;-6.36128e-05;kilogram;municipal solid waste;0.0;technosphere;GLO;ecoinvent_cutoff_3.9_remind_SSP2-PkBudg500_2090
f73a6d041436db54244efaa76fe16612;market for waste plastic, mixture;CH;waste plastic, mixture;;[('ISIC rev.4 ecoinvent', '3821:Treatment and disposal of non-hazardous waste'), ('CPC', '39270: Waste, parings and scrap of plastics')];treatment of waste plastic, mixture, open burning;-0.000526841223095166;kilogram;waste plastic, mixture;0.0;technosphere;GLO;ecoinvent_cutoff_3.9_remind_SSP2-PkBudg500_2090
f79691893130beefe04d8f00482ff568;market for waste paperboard;HR;waste paperboard;;[('ISIC rev.4 ecoinvent', '3821:Treatment and disposal of non-hazardous waste'), ('CPC', '39240: Waste and scrap of paper or paperboard')];treatment of waste paperboard, open burning;-0.0205469906849226;kilogram;waste paperboard;0.0;technosphere;GLO;ecoinvent_cutoff_3.9_remind_SSP2-PkBudg500_2090
f816887adf5ccb21516d9c2f67cdf625;market for waste polystyrene;CY;waste polystyrene;;[('ISIC rev.4 ecoinvent', '3821:Treatment and disposal of non-hazardous waste'), ('CPC', '39270: Waste, parings and scrap of plastics')];treatment of waste polystyrene, open burning;-0.0135770927668737;kilogram;waste polystyrene;0.0;technosphere;GLO;ecoinvent_cutoff_3.9_remind_SSP2-PkBudg500_2090
f83c6d59551cbd35503cc6550d16b290;market for waste graphical paper;RO;waste graphical paper;;[('ISIC rev.4 ecoinvent', '3821:Treatment and disposal of non-hazardous waste'), ('CPC', '39990: Other wastes n.e.c.')];treatment of waste graphical paper, open burning;-0.113764292129076;kilogram;waste graphical paper;0.0;technosphere;GLO;ecoinvent_cutoff_3.9_remind_SSP2-PkBudg500_2090
f8bb9a2b1a255ade1dc6a933fdd3ae8a;market for waste plastic, mixture;IN;waste plastic, mixture;;[('ISIC rev.4 ecoinvent', '3821:Treatment and disposal of non-hazardous waste'), ('CPC', '39270: Waste, parings and scrap of plastics')];treatment of waste plastic, mixture, open burning;-0.284307580310206;kilogram;waste plastic, mixture;0.0;technosphere;GLO;ecoinvent_cutoff_3.9_remind_SSP2-PkBudg500_2090
f8cb7490ed2a918340b4fe1ec99e6b60;treatment of waste polyethylene, open burning;GLO;waste polyethylene;;[('ISIC rev.4 ecoinvent', '3821:Treatment and disposal of non-hazardous waste'), ('CPC', '39270: Waste, parings and scrap of plastics')];treatment of waste polyethylene, open burning;-1.0;kilogram;waste polyethylene;1.0;production;GLO;ecoinvent_cutoff_3.9_remind_SSP2-PkBudg500_2090
f90b36b78263d645eed9c076e604f6cd;market for waste polyvinylchloride;ME;waste polyvinylchloride;;[('ISIC rev.4 ecoinvent', '3821:Treatment and disposal of non-hazardous waste'), ('CPC', '39270: Waste, parings and scrap of plastics')];treatment of waste polyvinylchloride, open burning;-0.0634286239725263;kilogram;waste polyvinylchloride;0.0;technosphere;GLO;ecoinvent_cutoff_3.9_remind_SSP2-PkBudg500_2090
f9b76462c48f4c4143b3f3041ca61924;market for waste paperboard;EE;waste paperboard;;[('ISIC rev.4 ecoinvent', '3821:Treatment and disposal of non-hazardous waste'), ('CPC', '39240: Waste and scrap of paper or paperboard')];treatment of waste paperboard, open burning;-0.0278904162073016;kilogram;waste paperboard;0.0;technosphere;GLO;ecoinvent_cutoff_3.9_remind_SSP2-PkBudg500_2090
f9f66d598e98619fccec69712f571261;market for municipal solid waste;DK;municipal solid waste;;[('ISIC rev.4 ecoinvent', '3821:Treatment and disposal of non-hazardous waste'), ('CPC', '39910: Municipal waste')];treatment of municipal solid waste, open burning;-0.000174344;kilogram;municipal solid waste;0.0;technosphere;GLO;ecoinvent_cutoff_3.9_remind_SSP2-PkBudg500_2090
fa7c73e3be9a722de31d1fc9741a7d96;market for waste polyethylene terephthalate;CH;waste polyethylene terephthalate;;[('ISIC rev.4 ecoinvent', '3821:Treatment and disposal of non-hazardous waste'), ('CPC', '39270: Waste, parings and scrap of plastics')];treatment of waste polyethylene terephthalate, open burning;-0.000526841223095166;kilogram;waste polyethylene terephthalate;0.0;technosphere;GLO;ecoinvent_cutoff_3.9_remind_SSP2-PkBudg500_2090
fac4a8fad2637752d7291bcfe245307c;market for waste paperboard;PE;waste paperboard;;[('ISIC rev.4 ecoinvent', '3821:Treatment and disposal of non-hazardous waste'), ('CPC', '39240: Waste and scrap of paper or paperboard')];treatment of waste paperboard, open burning;-0.0624725160068898;kilogram;waste paperboard;0.0;technosphere;GLO;ecoinvent_cutoff_3.9_remind_SSP2-PkBudg500_2090
faca8f0d56fc9df43be35b79a21e6e38;market for waste polyvinylchloride;LU;waste polyvinylchloride;;[('ISIC rev.4 ecoinvent', '3821:Treatment and disposal of non-hazardous waste'), ('CPC', '39270: Waste, parings and scrap of plastics')];treatment of waste polyvinylchloride, open burning;-0.00260975115734594;kilogram;waste polyvinylchloride;0.0;technosphere;GLO;ecoinvent_cutoff_3.9_remind_SSP2-PkBudg500_2090
fad5437cba026d396bc335523c0e5f5d;market for municipal solid waste;RS;municipal solid waste;;[('ISIC rev.4 ecoinvent', '3821:Treatment and disposal of non-hazardous waste'), ('CPC', '39910: Municipal waste')];treatment of municipal solid waste, open burning;-0.0897695;kilogram;municipal solid waste;0.0;technosphere;GLO;ecoinvent_cutoff_3.9_remind_SSP2-PkBudg500_2090
fc22f64d225d9688e20a4e8ba7bc4791;market for waste wood, untreated;SE;waste wood, untreated;;[('ISIC rev.4 ecoinvent', '3821:Treatment and disposal of non-hazardous waste'), ('CPC', '3928: Sawdust and wood waste and scrap')];treatment of waste wood, untreated, open burning;-0.000111927049697239;kilogram;waste wood, untreated;0.0;technosphere;GLO;ecoinvent_cutoff_3.9_remind_SSP2-PkBudg500_2090
fc67c8157dd58c9520a4efba8868e302;market for waste graphical paper;SE;waste graphical paper;;[('ISIC rev.4 ecoinvent', '3821:Treatment and disposal of non-hazardous waste'), ('CPC', '39990: Other wastes n.e.c.')];treatment of waste graphical paper, open burning;-0.000111927049697239;kilogram;waste graphical paper;0.0;technosphere;GLO;ecoinvent_cutoff_3.9_remind_SSP2-PkBudg500_2090
fccd52d4ac19af020a2e34ba454471de;market for waste graphical paper;ZA;waste graphical paper;;[('ISIC rev.4 ecoinvent', '3821:Treatment and disposal of non-hazardous waste'), ('CPC', '39990: Other wastes n.e.c.')];treatment of waste graphical paper, open burning;-0.0334239090407301;kilogram;waste graphical paper;0.0;technosphere;GLO;ecoinvent_cutoff_3.9_remind_SSP2-PkBudg500_2090
fd75d1f59efbeb6930d113952bc15a07;market for waste paperboard;DK;waste paperboard;;[('ISIC rev.4 ecoinvent', '3821:Treatment and disposal of non-hazardous waste'), ('CPC', '39240: Waste and scrap of paper or paperboard')];treatment of waste paperboard, open burning;-0.00017434433461976;kilogram;waste paperboard;0.0;technosphere;GLO;ecoinvent_cutoff_3.9_remind_SSP2-PkBudg500_2090
fda03c538f5ce6fd8a5a97ebd0135168;market for waste glass;XK;waste glass;;"[('ISIC rev.4 ecoinvent', '3821:Treatment and disposal of non-hazardous waste'), ('CPC', '37111: Glass in the mass, in balls (except microspheres), rods or tubes, unworked; waste and scrap of glass')]";treatment of waste glass, open burning;-0.19020481996282;kilogram;waste glass;0.0;technosphere;GLO;ecoinvent_cutoff_3.9_remind_SSP2-PkBudg500_2090
feed384f74dd9c7bb7ec1bde7ee8ea17;market for waste plastic, mixture;BA;waste plastic, mixture;;[('ISIC rev.4 ecoinvent', '3821:Treatment and disposal of non-hazardous waste'), ('CPC', '39270: Waste, parings and scrap of plastics')];treatment of waste plastic, mixture, open burning;-0.0871242405735605;kilogram;waste plastic, mixture;0.0;technosphere;GLO;ecoinvent_cutoff_3.9_remind_SSP2-PkBudg500_2090
ff135d17573f3907b7e227584b146cae;market for waste paperboard;XK;waste paperboard;;[('ISIC rev.4 ecoinvent', '3821:Treatment and disposal of non-hazardous waste'), ('CPC', '39240: Waste and scrap of paper or paperboard')];treatment of waste paperboard, open burning;-0.19020481996282;kilogram;waste paperboard;0.0;technosphere;GLO;ecoinvent_cutoff_3.9_remind_SSP2-PkBudg500_2090
ff2230188b3dd8e0e2303311feb50b98;market for waste paperboard;FI;waste paperboard;;[('ISIC rev.4 ecoinvent', '3821:Treatment and disposal of non-hazardous waste'), ('CPC', '39240: Waste and scrap of paper or paperboard')];treatment of waste paperboard, open burning;-0.000565773149803462;kilogram;waste paperboard;0.0;technosphere;GLO;ecoinvent_cutoff_3.9_remind_SSP2-PkBudg500_2090
ff4b6d4a22e11a0f887a5e7a11742a17;market for waste wood, untreated;AT;waste wood, untreated;;[('ISIC rev.4 ecoinvent', '3821:Treatment and disposal of non-hazardous waste'), ('CPC', '3928: Sawdust and wood waste and scrap')];treatment of waste wood, untreated, open burning;-0.000668777328610643;kilogram;waste wood, untreated;0.0;technosphere;GLO;ecoinvent_cutoff_3.9_remind_SSP2-PkBudg500_2090
ff7a739d9b3bae75dcfb622359c31591;market for waste polypropylene;IN;waste polypropylene;;[('ISIC rev.4 ecoinvent', '3821:Treatment and disposal of non-hazardous waste'), ('CPC', '39270: Waste, parings and scrap of plastics')];treatment of waste polypropylene, open burning;-0.284307580310206;kilogram;waste polypropylene;0.0;technosphere;GLO;ecoinvent_cutoff_3.9_remind_SSP2-PkBudg500_2090
ffd4ccea4b2ca1b606a1922e806b2acf;market for waste paperboard;BG;waste paperboard;;[('ISIC rev.4 ecoinvent', '3821:Treatment and disposal of non-hazardous waste'), ('CPC', '39240: Waste and scrap of paper or paperboard')];treatment of waste paperboard, open burning;-0.0275938418728608;kilogram;waste paperboard;0.0;technosphere;GLO;ecoinvent_cutoff_3.9_remind_SSP2-PkBudg500_2090
ffd50e6af8710e52031e112b55e69171;market for waste graphical paper;HU;waste graphical paper;;[('ISIC rev.4 ecoinvent', '3821:Treatment and disposal of non-hazardous waste'), ('CPC', '39990: Other wastes n.e.c.')];treatment of waste graphical paper, open burning;-0.0216911062443454;kilogram;waste graphical paper;0.0;technosphere;GLO;ecoinvent_cutoff_3.9_remind_SSP2-PkBudg500_2090
